349.97	-3.90744	-11.66	-11.08	NaN	3244.25	314.653	NaN	692.85	.0062	16.069	.724	-252.257	242.581
349.97	-3.90744	-11.61	-11.01	NaN	3236.77	314.606	NaN	693.47	.0062	15.983	.737	-252.257	242.581
349.97	-3.90744	-11.57	-10.93	NaN	3229.41	314.549	NaN	694.08	.0062	15.898	.763	-252.257	242.581
349.97	-3.90744	-11.53	-10.84	NaN	3222.15	314.504	NaN	694.68	.0062	15.805	.797	-252.257	242.581
349.97	-3.90744	-11.49	-10.75	NaN	3214.89	314.448	NaN	695.29	.0062	15.713	.831	-252.257	242.581
349.97	-3.90744	-11.47	-10.66	NaN	3207.58	314.391	NaN	695.9	.0062	15.634	.879	-252.257	242.581
349.97	-3.90744	-11.45	-10.57	NaN	3200.21	314.334	NaN	696.51	.0062	15.555	.927	-252.257	242.581
349.97	-3.90727	-11.45	-10.49	NaN	3192.79	314.288	NaN	697.13	.0062	15.498	.985	-252.298	242.538
349.97	-3.90727	-11.46	-10.43	NaN	3185.3	314.24	NaN	697.76	.0062	15.461	1.033	-252.298	242.538
349.97	-3.90727	-11.49	-10.39	NaN	3177.76	314.203	NaN	698.39	.0062	15.453	1.083	-252.298	242.538
349.97	-3.90727	-11.53	-10.37	NaN	3170.24	314.167	NaN	699.02	.0062	15.466	1.125	-252.298	242.538
349.98	-3.90727	-11.58	-10.37	NaN	3162.82	314.131	NaN	699.64	.0062	15.501	1.161	-252.305	242.545
349.98	-3.90727	-11.65	-10.4	NaN	3155.48	314.097	NaN	700.25	.0062	15.571	1.191	-252.305	242.545
349.98	-3.90727	-11.73	-10.45	NaN	3148.16	314.073	NaN	700.87	.0062	15.663	1.214	-252.305	242.545
349.98	-3.90709	-11.82	-10.52	NaN	3140.86	314.05	NaN	701.48	.0062	15.775	1.233	-252.349	242.5
349.98	-3.90709	-11.94	-10.6	NaN	3133.6	314.028	NaN	702.09	.0062	15.916	1.264	-252.349	242.5
349.98	-3.90709	-12.07	-10.67	NaN	3126.33	314.005	NaN	702.7	.0062	16.057	1.31	-252.349	242.5
349.98	-3.90709	-12.23	-10.73	NaN	3118.94	313.992	342.997	703.32	.0062	16.211	1.384	-252.349	242.5
349.98	-3.90709	-12.41	-10.77	NaN	3111.45	313.967	342.999	703.95	.0062	16.364	1.486	-252.349	242.5
349.98	-3.90709	-12.61	-10.77	NaN	3103.95	313.942	342.998	704.58	.0062	16.503	1.63	-252.349	242.5
349.98	-3.90709	-12.83	-10.73	NaN	3096.54	313.906	342.962	705.21	.0062	16.627	1.816	-252.349	242.5
349.98	-3.90709	-13.05	-10.66	NaN	3089.22	313.884	342.961	705.82	.0062	16.729	2.023	-252.349	242.5
349.98	-3.90692	-13.27	-10.55	NaN	3082	313.85	342.906	706.43	.0062	16.801	2.261	-252.39	242.457
349.99	-3.90692	-13.48	-10.41	NaN	3074.86	313.817	342.837	707.04	.0062	16.846	2.509	-252.397	242.464
349.99	-3.90692	-13.68	-10.24	NaN	3067.78	313.787	342.768	707.63	.0062	16.862	2.771	-252.397	242.464
349.99	-3.90692	-13.85	-10.06	NaN	3060.69	313.755	342.704	708.23	.0062	16.85	3.019	-252.397	242.464
349.99	-3.90692	-14.01	-9.88	NaN	3053.52	313.722	342.675	708.84	.0062	16.831	3.259	-252.397	242.464
349.99	-3.90692	-14.13	-9.7	NaN	3046.27	313.689	342.693	709.45	.0062	16.784	3.47	-252.397	242.464
349.6	-3.90709	-14.24	-9.52	NaN	3038.94	313.654	342.758	710.07	.0062	16.731	3.671	-252.075	242.236
349.6	-3.90709	-14.33	-9.35	NaN	3031.6	313.608	342.826	710.7	.0062	16.671	3.854	-252.075	242.236
349.6	-3.90709	-14.41	-9.2	NaN	3024.29	313.552	342.872	711.32	.0062	16.618	4.016	-252.075	242.236
349.6	-3.90692	-14.48	-9.05	NaN	3017.03	313.508	342.937	711.93	.0062	16.558	4.173	-252.116	242.193
349.61	-3.90692	-14.55	-8.92	NaN	3009.8	313.463	342.967	712.55	.0062	16.513	4.313	-252.123	242.2
349.61	-3.90692	-14.61	-8.79	NaN	3002.57	313.42	342.974	713.16	.0062	16.46	4.447	-252.123	242.2
349.61	-3.90692	-14.66	-8.67	NaN	2995.34	313.386	342.988	713.78	.0062	16.408	4.566	-252.123	242.2
349.61	-3.90692	-14.71	-8.56	NaN	2988.12	313.353	342.997	714.39	.0062	16.364	4.678	-252.123	242.2
349.62	-3.90692	-14.75	-8.45	NaN	2980.89	313.32	343.009	715.01	.0062	16.312	4.783	-252.13	242.207
349.62	-3.90692	-14.78	-8.35	NaN	2973.64	313.286	343.023	715.63	.0062	16.261	4.874	-252.13	242.207
349.62	-3.90674	-14.8	-8.25	NaN	2966.32	313.252	343.042	716.25	.0062	16.202	4.961	-252.174	242.162
349.62	-3.90674	-14.81	-8.16	NaN	2958.94	313.218	343.052	716.88	.0062	16.144	5.03	-252.174	242.162
349.63	-3.90674	-14.81	-8.07	NaN	2951.6	313.194	343.075	717.51	.0062	16.079	5.093	-252.181	242.169
349.63	-3.90674	-14.79	-7.99	NaN	2944.44	313.162	343.047	718.12	.0062	16.007	5.134	-252.181	242.169
349.63	-3.90674	-14.76	-7.9	NaN	2937.39	313.141	343.033	718.73	.0062	15.922	5.174	-252.181	242.169
349.63	-3.90674	-14.71	-7.83	NaN	2930.35	313.121	343.001	719.33	.0062	15.836	5.187	-252.181	242.169
349.64	-3.90674	-14.64	-7.75	NaN	2923.26	313.111	342.996	719.94	.0062	15.73	5.192	-252.188	242.176
349.64	-3.90674	-14.56	-7.67	NaN	2916.11	313.101	342.994	720.55	.0062	15.617	5.189	-252.188	242.176
349.64	-3.90657	-14.48	-7.6	NaN	2908.93	313.09	343.009	721.17	.0062	15.51	5.183	-252.23	242.133
349.65	-3.90657	-14.39	-7.52	NaN	2901.75	313.069	343.017	721.78	.0062	15.39	5.173	-252.237	242.14
349.65	-3.90657	-14.3	-7.45	NaN	2894.6	313.058	343.082	722.4	.0062	15.277	5.157	-252.237	242.14
349.65	-3.90657	-14.23	-7.37	NaN	2887.45	313.038	343.135	723.01	.0062	15.171	5.162	-252.237	242.14
349.65	-3.90657	-14.17	-7.29	NaN	2880.27	313.016	343.203	723.63	.0062	15.072	5.174	-252.237	242.14
349.66	-3.90657	-14.12	-7.22	NaN	2873.06	312.983	343.25	724.25	.0062	14.987	5.186	-252.244	242.147
349.66	-3.90657	-14.1	-7.14	NaN	2865.82	312.961	343.334	724.87	.0062	14.915	5.227	-252.244	242.147
349.66	-3.90657	-14.09	-7.06	NaN	2858.6	312.939	343.424	725.5	.0062	14.851	5.275	-252.244	242.147
349.67	-3.9064	-14.12	-6.9	NaN	2844.21	312.862	343.55	726.74	.0062	14.755	5.41	-252.292	242.111
349.67	-3.9064	-14.16	-6.84	NaN	2836.92	312.829	343.613	727.37	.0062	14.74	5.481	-252.292	242.111
349.67	-3.9064	-14.22	-6.77	-.48	2829.56	312.784	343.616	728	.0062	14.731	5.572	-252.292	242.111
349.68	-3.9064	-14.3	-6.72	-.48	2822.16	312.749	343.615	728.64	.0062	14.75	5.665	-252.3	242.118
349.68	-3.9064	-14.38	-6.68	-.47	2814.83	312.726	343.611	729.28	.0062	14.776	5.75	-252.3	242.118
349.68	-3.9064	-14.46	-6.63	-.46	2807.64	312.704	343.604	729.9	.0062	14.796	5.843	-252.3	242.118
349.68	-3.9064	-14.53	-6.6	-.46	2800.64	312.685	343.598	730.51	.0062	14.823	5.914	-252.3	242.118
349.69	-3.90622	-14.59	-6.56	-.45	2793.81	312.661	343.594	731.105	.0062	14.834	5.987	-252.35	242.079
349.69	-3.90622	-14.64	-6.51	-.45	2786.98	312.637	343.59	731.7	.0062	14.833	6.058	-252.35	242.079
349.69	-3.90622	-14.67	-6.46	-.45	2780.13	312.62	343.611	732.29	.0062	14.817	6.114	-252.35	242.079
349.7	-3.90622	-14.7	-6.4	-.45	2773.16	312.6	343.637	732.9	.0062	14.795	6.178	-252.358	242.086
349.7	-3.90622	-14.72	-6.34	-.45	2766.08	312.581	343.658	733.51	.0062	14.765	6.234	-252.358	242.086
349.7	-3.90622	-14.74	-6.26	-.45	2758.9	312.559	343.676	734.14	.0062	14.722	6.303	-252.358	242.086
349.71	-3.90622	-14.77	-6.18	-.44	2751.69	312.537	343.686	734.77	.0062	14.685	6.38	-252.365	242.093
349.71	-3.90622	-14.79	-6.1	-.44	2744.5	312.516	343.695	735.39	.0062	14.641	6.45	-252.365	242.093
349.72	-3.90605	-14.87	-5.91	-.44	2730.3	312.464	343.65	736.63	.0062	14.558	6.642	-252.413	242.057
349.72	-3.90605	-14.93	-5.81	-.45	2723.29	312.444	343.648	737.24	.0062	14.527	6.754	-252.413	242.057
349.72	-3.90605	-14.99	-5.69	-.45	2716.35	312.414	343.625	737.85	.0062	14.482	6.881	-252.413	242.057
349.73	-3.90605	-15.06	-5.57	-.45	2709.48	312.374	343.592	738.45	.0062	14.444	7.014	-252.42	242.064
349.73	-3.90605	-15.14	-5.44	-.45	2702.67	312.323	343.538	739.05	.0062	14.405	7.162	-252.42	242.064
349.73	-3.90605	-15.22	-5.3	-.45	2695.9	312.263	343.469	739.64	.0062	14.36	7.317	-252.42	242.064
349.74	-3.90605	-15.29	-5.16	-.44	2689.12	312.203	343.413	740.23	.0062	14.307	7.464	-252.428	242.071
349.74	-3.90587	-15.36	-5.01	-.44	2682.28	312.141	343.383	740.83	.0062	14.246	7.621	-252.471	242.026
349.75	-3.90587	-15.42	-4.87	-.43	2675.4	312.079	343.384	741.44	.0062	14.186	7.761	-252.478	242.032
349.75	-3.90587	-15.47	-4.73	-.42	2668.44	312.005	343.373	742.05	.0062	14.12	7.894	-252.478	242.032
349.75	-3.90587	-15.51	-4.61	-.42	2661.39	311.942	343.396	742.67	.0062	14.061	8.006	-252.478	242.032
349.76	-3.90587	-15.57	-4.49	-.42	2654.23	311.877	343.401	743.3	.0062	14.016	8.133	-252.486	242.039
349.76	-3.90587	-15.62	-4.39	-.42	2647.01	311.802	343.354	743.93	.0062	13.978	8.238	-252.486	242.039
349.77	-3.90587	-15.7	-4.31	-.42	2639.77	311.725	343.256	744.57	.0062	13.976	8.351	-252.493	242.046
349.77	-3.90587	-15.8	-4.24	-.43	2632.55	311.648	343.091	745.21	.0062	13.995	8.472	-252.493	242.046
349.77	-3.90587	-15.92	-4.18	-.44	2625.4	311.584	342.893	745.84	.0062	14.034	8.6	-252.493	242.046
349.78	-3.9057	-16.06	-4.14	-.44	2618.37	311.51	342.628	746.46	.0062	14.101	8.731	-252.541	242.01
349.78	-3.9057	-16.22	-4.11	-.45	2611.48	311.437	342.357	747.07	.0062	14.19	8.867	-252.541	242.01
349.79	-3.9057	-16.58	-4.11	-.45	2597.87	311.304	341.879	748.28	.0062	14.439	9.127	-252.548	242.017
349.8	-3.9057	-16.77	-4.13	-.45	2591.04	311.244	341.695	748.88	.0062	14.585	9.25	-252.556	242.024
349.8	-3.9057	-16.95	-4.19	-.45	2584.21	311.182	341.542	749.49	.0062	14.753	9.339	-252.556	242.024
349.81	-3.9057	-17.13	-4.25	-.45	2577.42	311.122	341.434	750.09	.0062	14.921	9.427	-252.563	242.031
349.81	-3.9057	-17.3	-4.34	-.45	2570.69	311.072	341.418	750.69	.0062	15.103	9.488	-252.563	242.031
349.82	-3.90552	-17.45	-4.43	-.45	2563.98	311.012	341.429	751.29	.0062	15.27	9.537	-252.614	241.992
349.82	-3.90552	-17.59	-4.52	-.45	2557.14	310.952	341.469	751.89	.0062	15.432	9.575	-252.614	241.992
349.83	-3.90552	-17.72	-4.62	-.45	2550.11	310.888	341.487	752.52	.0062	15.594	9.6	-252.621	241.999
349.83	-3.90552	-17.83	-4.72	-.45	2543.03	310.825	341.434	753.15	.0062	15.743	9.61	-252.621	241.999
349.84	-3.90552	-17.93	-4.82	-.45	2536.04	310.762	341.25	753.78	.0062	15.884	9.613	-252.628	242.006
349.84	-3.90552	-18.03	-4.92	-.45	2529.13	310.701	340.97	754.39	.0062	16.025	9.616	-252.628	242.006
349.85	-3.90552	-18.12	-5.01	-.46	2522.3	310.64	340.652	755	.0062	16.153	9.619	-252.635	242.013
349.85	-3.90552	-18.22	-5.11	-.46	2515.5	310.579	340.341	755.61	.0062	16.294	9.622	-252.635	242.013
349.86	-3.90535	-18.32	-5.21	-.46	2508.7	310.529	340.126	756.22	.0062	16.434	9.628	-252.684	241.977
349.86	-3.90535	-18.43	-5.31	-.47	2501.85	310.479	340.001	756.83	.0062	16.582	9.638	-252.684	241.977
349.87	-3.90535	-18.55	-5.43	-.47	2494.89	310.427	339.992	757.46	.0062	16.752	9.642	-252.691	241.984
349.87	-3.90535	-18.67	-5.55	-.48	2487.86	310.375	340.102	758.09	.0062	16.921	9.646	-252.691	241.984
349.88	-3.90535	-18.8	-5.69	-.48	2480.85	310.322	340.316	758.72	.0062	17.112	9.643	-252.698	241.991
349.88	-3.90535	-18.93	-5.83	-.49	2473.91	310.261	340.567	759.34	.0062	17.303	9.64	-252.698	241.991
349.89	-3.90535	-19.07	-5.98	-.49	2467	310.199	340.838	759.96	.0062	17.509	9.637	-252.705	241.998
349.9	-3.90517	-19.46	-6.45	-.5	2445.59	310.007	341.285	761.89	.0062	18.116	9.597	-252.756	241.959
349.9	-3.90517	-19.57	-6.59	-.51	2438.28	309.963	341.368	762.55	.0062	18.293	9.58	-252.756	241.959
349.91	-3.90517	-19.68	-6.73	-.51	2431.13	309.91	341.363	763.19	.0062	18.47	9.562	-252.763	241.966
349.91	-3.90517	-19.77	-6.85	-.51	2424.12	309.868	341.335	763.83	.0062	18.619	9.544	-252.763	241.966
349.92	-3.90517	-19.86	-6.96	-.52	2417.2	309.818	341.202	764.45	.0062	18.761	9.533	-252.771	241.973
349.92	-3.905	-19.94	-7.06	-.53	2410.33	309.789	341.043	765.07	.0062	18.887	9.525	-252.812	241.93
349.93	-3.905	-20	-7.15	-.54	2403.47	309.75	340.743	765.69	.0062	18.994	9.506	-252.819	241.937
349.93	-3.905	-20.07	-7.22	-.55	2396.63	309.721	340.368	766.31	.0062	19.092	9.508	-252.819	241.937
349.94	-3.905	-20.13	-7.28	-.55	2389.85	309.704	339.971	766.93	.0062	19.177	9.51	-252.826	241.944
349.94	-3.905	-20.18	-7.34	-.56	2383.08	309.687	339.622	767.54	.0062	19.255	9.505	-252.826	241.944
349.95	-3.905	-20.24	-7.39	-.56	2376.25	309.67	339.394	768.16	.0062	19.333	9.514	-252.833	241.951
349.96	-3.90483	-20.37	-7.5	-.55	2362.3	309.62	339.382	769.43	.0062	19.501	9.535	-252.882	241.915
349.96	-3.90483	-20.44	-7.55	-.55	2355.15	309.589	339.535	770.08	.0062	19.585	9.551	-252.882	241.915
349.97	-3.90483	-20.52	-7.62	-.54	2347.93	309.556	339.696	770.74	.0062	19.691	9.56	-252.889	241.922
349.97	-3.90483	-20.6	-7.69	-.54	2340.67	309.513	339.789	771.4	.0062	19.797	9.57	-252.889	241.922
349.98	-3.90465	-20.77	-7.82	-.54	2326.23	309.427	339.796	772.71	.0062	20.007	9.606	-252.94	241.883
349.99	-3.90465	-20.84	-7.89	-.55	2319.16	309.385	339.79	773.36	.0062	20.106	9.609	-252.947	241.89
349.99	-3.90465	-20.9	-7.95	-.55	2312.26	309.335	339.804	773.99	.0062	20.19	9.61	-252.947	241.89
350	-3.90465	-20.95	-8.01	-.56	2305.43	309.296	339.877	774.61	.0062	20.268	9.605	-252.954	241.897
350	-3.90465	-20.99	-8.06	-.56	2298.53	309.246	339.92	775.24	.0062	20.332	9.599	-252.954	241.897
350.01	-3.90465	-21.01	-8.11	-.57	2291.53	309.193	339.924	775.89	.0062	20.382	9.579	-252.961	241.904
350.01	-3.90448	-21.01	-8.15	-.57	2284.43	309.141	339.871	776.54	.0062	20.409	9.555	-253.003	241.861
350.02	-3.90448	-21.01	-8.18	-.58	2277.28	309.088	339.793	777.19	.0062	20.431	9.534	-253.01	241.868
350.02	-3.90448	-20.99	-8.21	-.58	2270.1	309.035	339.755	777.85	.0062	20.439	9.499	-253.01	241.868
350.04	-3.90448	-20.94	-8.24	-.59	2248.69	308.897	339.84	779.82	.0062	20.426	9.442	-253.024	241.882
350.04	-3.9043	-20.95	-8.24	-.6	2241.7	308.857	339.936	780.46	.0062	20.431	9.453	-253.068	241.836
350.05	-3.9043	-20.96	-8.25	-.6	2234.83	308.818	340.041	781.09	.0062	20.445	9.454	-253.075	241.843
350.05	-3.9043	-20.99	-8.25	-.61	2228.01	308.779	340.139	781.72	.0062	20.466	9.475	-253.075	241.843
350.06	-3.9043	-21.04	-8.25	-.61	2221.16	308.74	340.204	782.35	.0062	20.501	9.511	-253.082	241.85
350.06	-3.9043	-21.1	-8.27	-.61	2214.26	308.689	340.207	782.99	.0062	20.557	9.541	-253.082	241.85
350.07	-3.9043	-21.17	-8.29	-.61	2207.3	308.639	340.206	783.63	.0062	20.619	9.578	-253.089	241.857
350.07	-3.90413	-21.24	-8.32	-.61	2200.27	308.587	340.203	784.28	.0062	20.688	9.611	-253.131	241.814
349.68	-3.9043	-21.32	-8.35	-.61	2193.18	308.534	340.215	784.94	.0062	20.766	9.645	-252.808	241.587
349.68	-3.9043	-21.38	-8.39	-.61	2186.01	308.492	340.276	785.6	.0062	20.837	9.661	-252.808	241.587
349.69	-3.9043	-21.43	-8.43	-.61	2178.79	308.449	340.295	786.27	.0062	20.9	9.669	-252.815	241.594
349.69	-3.9043	-21.46	-8.46	-.61	2171.57	308.406	340.231	786.94	.0062	20.943	9.67	-252.815	241.594
349.7	-3.9043	-21.46	-8.49	-.61	2164.46	308.364	340.079	787.6	.0062	20.964	9.649	-252.822	241.601
349.7	-3.9043	-21.45	-8.52	-.61	2157.52	308.336	339.875	788.24	.0062	20.979	9.621	-252.822	241.601
349.71	-3.90413	-21.41	-8.55	-.61	2150.74	308.297	339.595	788.87	.0062	20.972	9.575	-252.87	241.565
349.71	-3.90413	-21.36	-8.57	-.61	2144.06	308.26	339.345	789.49	.0062	20.951	9.525	-252.87	241.565
349.72	-3.90413	-21.3	-8.58	-.61	2137.38	308.234	339.218	790.11	.0062	20.917	9.475	-252.878	241.572
349.72	-3.90413	-21.24	-8.6	-.62	2130.59	308.206	339.25	790.74	.0062	20.89	9.418	-252.878	241.572
349.73	-3.90413	-21.17	-8.62	-.62	2123.61	308.177	339.462	791.39	.0062	20.856	9.353	-252.885	241.579
349.73	-3.90413	-21.11	-8.64	-.63	2116.41	308.144	339.799	792.07	.0062	20.829	9.296	-252.885	241.579
349.74	-3.90395	-21.06	-8.66	-.64	2109.22	308.112	340.197	792.74	.0062	20.808	9.25	-252.935	241.54
349.74	-3.90395	-21.03	-8.69	-.64	2102.23	308.072	340.509	793.39	.0062	20.809	9.208	-252.935	241.54
349.75	-3.90395	-21.01	-8.72	-.65	2095.4	308.033	340.668	794.03	.0062	20.816	9.172	-252.943	241.547
349.75	-3.90395	-21	-8.75	-.65	2088.56	307.994	340.648	794.67	.0062	20.831	9.144	-252.943	241.547
349.76	-3.90395	-21.01	-8.79	-.65	2081.7	307.966	340.51	795.31	.0062	20.867	9.124	-252.95	241.554
349.76	-3.90395	-21.03	-8.82	-.64	2074.81	307.938	340.276	795.95	.0062	20.903	9.118	-252.95	241.554
349.77	-3.90378	-21.07	-8.84	-.63	2067.95	307.91	340.036	796.59	.0062	20.943	9.136	-252.998	241.518
349.77	-3.90378	-21.11	-8.86	-.62	2061.15	307.893	339.862	797.23	.0062	20.985	9.152	-252.998	241.518
349.78	-3.90378	-21.17	-8.88	-.61	2054.4	307.866	339.647	797.86	.0062	21.041	9.181	-253.005	241.525
349.78	-3.90378	-21.23	-8.89	-.61	2047.62	307.848	339.4	798.5	.0062	21.09	9.218	-253.005	241.525
349.79	-3.90378	-21.3	-8.89	-.6	2040.79	307.842	339.094	799.14	.0062	21.138	9.268	-253.013	241.532
349.79	-3.90378	-21.38	-8.89	-.61	2033.96	307.825	338.669	799.78	.0062	21.193	9.326	-253.013	241.532
349.8	-3.9036	-21.45	-8.89	-.61	2027.19	307.818	338.343	800.42	.0062	21.24	9.381	-253.063	241.493
349.8	-3.9036	-21.53	-8.89	-.61	2020.45	307.802	338.279	801.05	.0062	21.295	9.438	-253.063	241.493
349.81	-3.9036	-21.74	-8.88	-.61	2000.08	307.73	339.487	802.975	.0062	21.433	9.597	-253.071	241.5
349.83	-3.90343	-21.94	-8.85	-.59	1979.41	307.655	340.748	804.92	.0062	21.548	9.766	-253.126	241.471
349.83	-3.90343	-22.01	-8.84	-.58	1972.45	307.626	340.889	805.58	.0062	21.589	9.824	-253.126	241.471
349.84	-3.90343	-22.08	-8.82	-.57	1965.5	307.596	340.896	806.24	.0062	21.623	9.888	-253.133	241.478
349.84	-3.90343	-22.15	-8.8	-.57	1958.61	307.579	340.82	806.89	.0062	21.656	9.953	-253.133	241.478
349.85	-3.90325	-22.22	-8.78	-.57	1951.79	307.551	340.647	807.53	.0062	21.689	10.021	-253.184	241.439
349.85	-3.90325	-22.29	-8.76	-.57	1945.01	307.524	340.465	808.17	.0062	21.722	10.086	-253.184	241.439
349.87	-3.90325	-22.49	-8.72	-.58	1924.69	307.5	340.18	810.105	.0062	21.831	10.258	-253.199	241.453
349.88	-3.90308	-22.6	-8.73	-.58	1911.12	307.493	339.641	811.39	.0062	21.913	10.334	-253.247	241.417
349.89	-3.90308	-22.65	-8.74	-.58	1904.28	307.487	339.042	812.04	.0062	21.955	10.364	-253.254	241.424
349.89	-3.90308	-22.68	-8.76	-.57	1897.37	307.49	338.434	812.7	.0062	21.99	10.372	-253.254	241.424
349.9	-3.90308	-22.71	-8.77	-.57	1890.39	307.493	337.928	813.36	.0062	22.018	10.386	-253.261	241.431
349.9	-3.90308	-22.72	-8.78	-.57	1883.38	307.484	337.642	814.03	.0062	22.032	10.387	-253.261	241.431
349.91	-3.90291	-22.71	-8.78	-.57	1876.38	307.475	337.69	814.7	.0062	22.023	10.383	-253.31	241.394
349.91	-3.90291	-22.68	-8.77	-.57	1869.44	307.468	338.029	815.36	.0062	21.995	10.368	-253.31	241.394
349.92	-3.90291	-22.64	-8.76	-.57	1862.56	307.449	338.537	816.02	.0062	21.96	10.346	-253.317	241.401
349.92	-3.90291	-22.59	-8.74	-.57	1855.7	307.422	339.067	816.67	.0062	21.911	10.324	-253.317	241.401
349.93	-3.90273	-22.45	-8.71	-.56	1841.87	307.365	339.821	817.99	.0062	21.791	10.247	-253.368	241.363
349.94	-3.90273	-22.38	-8.7	-.56	1834.86	307.335	340.039	818.66	.0062	21.736	10.203	-253.375	241.37
349.94	-3.90273	-22.31	-8.7	-.55	1827.91	307.295	340.157	819.33	.0062	21.687	10.153	-253.375	241.37
349.95	-3.90273	-22.25	-8.71	-.55	1821.08	307.268	340.261	819.98	.0062	21.653	10.102	-253.382	241.376
349.95	-3.90273	-22.19	-8.72	-.55	1814.35	307.24	340.333	820.63	.0062	21.619	10.052	-253.382	241.376
349.96	-3.90256	-22.09	-8.75	-.54	1801.06	307.168	340.385	821.9	.0062	21.57	9.963	-253.43	241.34
349.97	-3.90256	-22.04	-8.76	-.54	1794.36	307.142	340.428	822.54	.0062	21.543	9.92	-253.438	241.347
349.98	-3.90256	-21.99	-8.78	-.54	1787.65	307.104	340.422	823.19	.0062	21.523	9.87	-253.445	241.354
349.98	-3.90256	-21.94	-8.79	-.54	1780.97	307.068	340.445	823.83	.0062	21.496	9.826	-253.445	241.354
349.99	-3.90256	-21.9	-8.79	-.54	1774.29	307.031	340.575	824.47	.0062	21.468	9.798	-253.452	241.361
350	-3.90238	-21.83	-8.7	-.55	1753.8	306.853	341.805	826.45	.0062	21.353	9.813	-253.503	241.322
350.01	-3.90238	-21.82	-8.63	-.56	1746.89	306.762	342.293	827.11	.0062	21.295	9.854	-253.51	241.329
350.01	-3.90238	-21.82	-8.52	-.56	1739.97	306.669	342.638	827.78	.0062	21.216	9.93	-253.51	241.329
350.02	-3.90238	-21.82	-8.4	-.57	1733.08	306.577	342.844	828.45	.0062	21.129	10.012	-253.517	241.336
350.02	-3.90221	-21.82	-8.27	-.57	1726.28	306.476	342.932	829.11	.0062	21.033	10.106	-253.558	241.293
350.03	-3.90221	-21.81	-8.14	-.57	1719.58	306.377	342.949	829.75	.0062	20.932	10.188	-253.565	241.3
350.03	-3.90221	-21.78	-8.01	-.57	1712.93	306.298	342.989	830.4	.0062	20.817	10.256	-253.565	241.3
350.04	-3.90221	-21.72	-7.89	-.57	1706.28	306.22	342.984	831.04	.0062	20.689	10.295	-253.573	241.307
350.04	-3.90221	-21.65	-7.79	-.57	1699.65	306.151	342.986	831.69	.0062	20.568	10.313	-253.573	241.307
350.05	-3.90203	-21.43	-7.64	-.57	1686.42	306.038	342.996	832.97	.0062	20.306	10.261	-253.623	241.268
350.06	-3.90203	-21.28	-7.59	-.57	1679.8	305.992	343.006	833.61	.0062	20.166	10.187	-253.631	241.275
350.06	-3.90203	-21.13	-7.56	-.57	1673.12	305.944	343.007	834.26	.0062	20.041	10.099	-253.631	241.275
350.07	-3.90203	-20.96	-7.54	-.57	1666.36	305.907	343.037	834.92	.0062	19.909	9.989	-253.638	241.282
350.07	-3.90203	-20.78	-7.53	-.57	1659.49	305.879	343.092	835.59	.0062	19.778	9.866	-253.638	241.282
350.08	-3.90203	-20.61	-7.52	-.58	1652.55	305.839	343.105	836.27	.0062	19.654	9.75	-253.645	241.289
350.08	-3.90186	-20.45	-7.51	-.58	1645.57	305.805	343.09	836.95	.0062	19.535	9.644	-253.686	241.245
350.09	-3.90186	-20.29	-7.5	-.58	1638.59	305.771	343.076	837.63	.0062	19.417	9.535	-253.693	241.252
350.09	-3.90186	-20.15	-7.49	-.57	1631.67	305.742	343.002	838.31	.0062	19.313	9.44	-253.693	241.252
350.1	-3.90186	-20.02	-7.49	-.57	1624.83	305.715	342.875	838.97	.0062	19.224	9.346	-253.701	241.259
350.1	-3.90186	-19.9	-7.48	-.57	1618.09	305.689	342.697	839.63	.0062	19.134	9.266	-253.701	241.259
350.11	-3.90186	-19.78	-7.47	-.57	1611.4	305.673	342.485	840.29	.0062	19.044	9.186	-253.708	241.266
350.11	-3.90186	-19.67	-7.46	-.57	1604.71	305.658	342.205	840.94	.0062	18.961	9.113	-253.708	241.266
350.12	-3.90168	-19.57	-7.44	-.57	1598.03	305.642	341.884	841.6	.0062	18.876	9.058	-253.759	241.227
350.12	-3.90168	-19.46	-7.41	-.58	1591.36	305.627	341.582	842.25	.0062	18.778	8.999	-253.759	241.227
350.13	-3.90168	-19.36	-7.38	-.58	1584.71	305.611	341.315	842.91	.0062	18.688	8.947	-253.766	241.234
350.13	-3.90168	-19.17	-7.3	-.57	1571.43	305.56	340.869	844.21	.0062	18.499	8.864	-253.766	241.234
350.14	-3.90168	-19.08	-7.25	-.57	1564.73	305.523	340.708	844.87	.0062	18.4	8.834	-253.773	241.241
350.14	-3.90151	-19.01	-7.19	-.57	1557.99	305.487	340.644	845.53	.0062	18.307	8.827	-253.814	241.198
350.15	-3.90151	-18.95	-7.14	-.56	1551.3	305.45	340.65	846.19	.0062	18.23	8.818	-253.821	241.205
350.15	-3.90151	-18.91	-7.09	-.56	1544.68	305.414	340.705	846.84	.0062	18.166	8.824	-253.821	241.205
350.16	-3.90151	-18.89	-7.04	-.56	1538.18	305.369	340.737	847.48	.0062	18.116	8.844	-253.829	241.212
350.16	-3.90151	-18.9	-6.98	-.56	1531.76	305.324	340.727	848.12	.0062	18.079	8.892	-253.829	241.212
350.17	-3.90151	-18.94	-6.92	-.56	1525.28	305.28	340.698	848.76	.0062	18.063	8.963	-253.836	241.219
350.17	-3.90151	-18.99	-6.85	-.57	1518.68	305.234	340.752	849.41	.0062	18.047	9.047	-253.836	241.219
350.18	-3.90133	-19.07	-6.76	-.57	1511.96	305.187	341.006	850.07	.0062	18.035	9.17	-253.886	241.18
350.18	-3.90133	-19.17	-6.67	-.58	1505.17	305.138	341.563	850.75	.0062	18.039	9.305	-253.886	241.18
350.18	-3.90133	-19.29	-6.57	-.58	1498.39	305.069	342.408	851.42	.0062	18.049	9.461	-253.886	241.18
350.19	-3.90133	-19.41	-6.46	-.57	1491.65	304.991	343.346	852.08	.0062	18.052	9.623	-253.894	241.187
350.19	-3.90133	-19.55	-6.35	-.56	1484.94	304.902	344.084	852.75	.0062	18.069	9.801	-253.894	241.187
350.2	-3.90133	-19.68	-6.23	-.55	1478.21	304.813	344.556	853.42	.0062	18.071	9.978	-253.901	241.194
350.2	-3.90116	-19.82	-6.13	-.54	1471.42	304.723	344.763	854.09	.0062	18.093	10.151	-253.942	241.15
350.22	-3.90116	-20.07	-5.96	-.52	1457.67	304.584	344.788	855.46	.0062	18.142	10.449	-253.956	241.164
350.22	-3.90116	-20.17	-5.91	-.51	1450.83	304.535	344.788	856.14	.0062	18.175	10.556	-253.956	241.164
350.23	-3.90116	-20.27	-5.88	-.51	1444.07	304.499	344.804	856.81	.0062	18.222	10.649	-253.964	241.171
350.23	-3.90116	-20.36	-5.87	-.51	1437.4	304.462	344.811	857.48	.0062	18.277	10.722	-253.964	241.171
350.24	-3.90116	-20.45	-5.87	-.51	1430.8	304.427	344.816	858.13	.0062	18.339	10.787	-253.971	241.178
350.24	-3.90099	-20.53	-5.88	-.51	1424.18	304.402	344.849	858.79	.0062	18.399	10.841	-254.012	241.135
350.25	-3.90099	-20.6	-5.9	-.51	1417.52	304.376	344.88	859.46	.0062	18.462	10.878	-254.019	241.142
350.25	-3.90099	-20.68	-5.91	-.51	1410.82	304.361	344.944	860.13	.0062	18.524	10.929	-254.019	241.142
350.26	-3.90099	-20.75	-5.93	-.51	1404.13	304.345	345.004	860.8	.0062	18.587	10.966	-254.026	241.149
350.26	-3.90099	-20.82	-5.94	-.5	1397.42	304.34	345.103	861.47	.0062	18.642	11.01	-254.026	241.149
350.27	-3.90099	-20.88	-5.95	-.49	1390.69	304.335	345.196	862.14	.0062	18.691	11.047	-254.034	241.155
350.28	-3.90099	-20.93	-5.95	-.48	1383.97	304.33	345.281	862.81	.0062	18.725	11.083	-254.041	241.162
349.89	-3.90116	-20.99	-5.94	-.46	1377.28	304.315	345.313	863.48	.0062	18.761	11.13	-253.717	240.937
349.89	-3.90099	-21.04	-5.93	-.45	1370.66	304.31	345.373	864.15	.0062	18.786	11.177	-253.758	240.894
349.9	-3.90099	-21.09	-5.92	-.44	1364.12	304.307	345.437	864.8	.0062	18.814	11.22	-253.765	240.901
349.9	-3.90099	-21.14	-5.91	-.43	1357.57	304.293	345.457	865.46	.0062	18.841	11.263	-253.765	240.901
349.91	-3.90099	-21.19	-5.91	-.42	1350.92	304.288	345.498	866.13	.0062	18.875	11.299	-253.773	240.908
349.91	-3.90099	-21.24	-5.91	-.42	1344.12	304.272	345.485	866.81	.0062	18.91	11.335	-253.773	240.908
349.92	-3.90099	-21.27	-5.91	-.42	1337.25	304.265	345.503	867.5	.0062	18.93	11.357	-253.78	240.914
349.93	-3.90081	-21.3	-5.91	-.41	1330.37	304.258	345.521	868.19	.0062	18.949	11.382	-253.83	240.876
349.93	-3.90081	-21.32	-5.91	-.41	1323.53	304.252	345.529	868.88	.0062	18.963	11.397	-253.83	240.876
349.94	-3.90081	-21.33	-5.9	-.41	1316.74	304.246	345.538	869.56	.0062	18.962	11.411	-253.838	240.883
349.94	-3.90081	-21.33	-5.9	-.4	1310.02	304.241	345.538	870.24	.0062	18.962	11.411	-253.838	240.883
349.95	-3.90081	-21.31	-5.88	-.4	1303.35	304.246	345.572	870.91	.0062	18.934	11.41	-253.845	240.889
349.95	-3.90081	-21.28	-5.86	-.39	1296.71	304.252	345.6	871.58	.0062	18.899	11.402	-253.845	240.889
349.96	-3.90081	-21.24	-5.84	-.38	1290.07	304.248	345.585	872.25	.0062	18.857	11.387	-253.852	240.896
349.97	-3.90064	-21.18	-5.82	-.38	1283.47	304.254	345.613	872.92	.0062	18.799	11.36	-253.9	240.86
349.97	-3.90064	-21.13	-5.81	-.37	1276.96	304.251	345.604	873.58	.0062	18.757	11.331	-253.9	240.86
349.98	-3.90064	-21.06	-5.8	-.36	1270.48	304.248	345.601	874.23	.0062	18.702	11.287	-253.908	240.867
349.98	-3.90064	-21	-5.79	-.36	1263.95	304.245	345.596	874.89	.0062	18.653	11.25	-253.908	240.867
349.99	-3.90064	-20.94	-5.8	-.35	1257.36	304.23	345.545	875.56	.0062	18.619	11.2	-253.915	240.874
349.99	-3.90064	-20.89	-5.81	-.35	1250.73	304.226	345.533	876.23	.0062	18.592	11.157	-253.915	240.874
350	-3.90046	-20.84	-5.82	-.34	1244.06	304.231	345.572	876.91	.0062	18.563	11.117	-253.966	240.835
350.01	-3.90046	-20.8	-5.83	-.33	1237.36	304.226	345.582	877.59	.0062	18.543	11.081	-253.973	240.842
350.01	-3.90046	-20.76	-5.83	-.32	1230.65	304.232	345.641	878.27	.0062	18.515	11.052	-253.973	240.842
350.02	-3.90046	-20.72	-5.83	-.31	1224.04	304.238	345.706	878.94	.0062	18.488	11.023	-253.98	240.849
350.02	-3.90046	-20.69	-5.82	-.3	1217.59	304.236	345.726	879.59	.0062	18.46	11.008	-253.98	240.849
350.03	-3.90046	-20.65	-5.81	-.28	1211.31	304.235	345.742	880.23	.0062	18.425	10.986	-253.987	240.856
350.03	-3.90046	-20.62	-5.79	-.27	1205.18	304.225	345.723	880.85	.0062	18.39	10.978	-253.987	240.856
350.04	-3.90029	-20.58	-5.77	-.26	1199.11	304.226	345.737	881.47	.0062	18.346	10.966	-254.036	240.819
350.05	-3.90029	-20.54	-5.75	-.25	1192.96	304.227	345.75	882.09	.0062	18.304	10.951	-254.043	240.826
350.05	-3.90029	-20.51	-5.73	-.24	1186.66	304.215	345.715	882.74	.0062	18.269	10.943	-254.043	240.826
350.06	-3.90029	-20.47	-5.71	-.23	1180.12	304.212	345.71	883.4	.0062	18.227	10.927	-254.05	240.833
350.06	-3.90029	-20.44	-5.7	-.22	1173.48	304.197	345.669	884.08	.0062	18.199	10.913	-254.05	240.833
350.07	-3.90029	-20.41	-5.7	-.21	1166.9	304.183	345.635	884.75	.0062	18.178	10.891	-254.057	240.84
350.07	-3.90029	-20.38	-5.69	-.2	1160.43	304.18	345.64	885.41	.0062	18.15	10.876	-254.057	240.84
350.08	-3.90011	-20.35	-5.7	-.19	1154.03	304.189	345.685	886.06	.0062	18.135	10.85	-254.108	240.801
350.08	-3.90011	-20.33	-5.7	-.18	1147.67	304.187	345.68	886.71	.0062	18.121	10.836	-254.108	240.801
350.09	-3.90011	-20.3	-5.71	-.17	1141.3	304.196	345.718	887.36	.0062	18.108	10.807	-254.115	240.808
350.1	-3.90011	-20.28	-5.72	-.16	1134.92	304.194	345.717	888.02	.0062	18.101	10.786	-254.122	240.815
350.1	-3.90011	-20.26	-5.73	-.16	1128.57	304.203	345.761	888.66	.0062	18.095	10.764	-254.122	240.815
350.11	-3.90011	-20.25	-5.75	-.15	1122.29	304.192	345.728	889.31	.0062	18.103	10.743	-254.13	240.822
350.11	-3.89994	-20.23	-5.76	-.15	1116.06	304.192	345.746	889.94	.0062	18.094	10.725	-254.171	240.779
350.12	-3.89994	-20.21	-5.76	-.15	1109.88	304.181	345.736	890.58	.0062	18.08	10.711	-254.178	240.785
350.12	-3.89994	-20.19	-5.77	-.15	1103.69	304.182	345.759	891.21	.0062	18.074	10.689	-254.178	240.785
350.13	-3.89994	-20.17	-5.76	-.14	1097.43	304.171	345.742	891.85	.0062	18.053	10.682	-254.185	240.792
350.13	-3.89994	-20.15	-5.75	-.14	1091.07	304.169	345.76	892.51	.0062	18.032	10.674	-254.185	240.792
350.14	-3.89994	-20.13	-5.73	-.13	1084.59	304.166	345.778	893.17	.0062	18.004	10.673	-254.192	240.799
350.14	-3.89994	-20.11	-5.7	-.12	1078.07	304.163	345.793	893.84	.0062	17.968	10.679	-254.192	240.799
350.15	-3.89976	-20.09	-5.66	-.11	1071.59	304.17	345.836	894.51	.0062	17.923	10.696	-254.243	240.76
350.16	-3.89976	-20.08	-5.62	-.1	1065.18	304.168	345.831	895.17	.0062	17.888	10.716	-254.25	240.767
350.16	-3.89976	-20.08	-5.57	-.09	1058.83	304.167	345.827	895.82	.0062	17.851	10.75	-254.25	240.767
350.17	-3.89976	-20.08	-5.52	-.08	1052.53	304.176	345.855	896.47	.0062	17.815	10.785	-254.258	240.774
350.17	-3.89976	-20.09	-5.48	-.07	1046.25	304.176	345.846	897.11	.0062	17.793	10.819	-254.258	240.774
350.18	-3.89976	-20.12	-5.44	-.06	1039.98	304.175	345.846	897.76	.0062	17.784	10.869	-254.265	240.781
350.18	-3.89976	-20.16	-5.41	-.05	1033.72	304.174	345.846	898.41	.0062	17.79	10.918	-254.265	240.781
350.19	-3.89959	-20.22	-5.39	-.05	1027.5	304.163	345.826	899.05	.0062	17.815	10.979	-254.313	240.745
350.19	-3.89959	-20.28	-5.37	-.04	1021.29	304.163	345.844	899.69	.0062	17.842	11.036	-254.313	240.745
350.2	-3.89959	-20.36	-5.34	-.03	1015.11	304.153	345.835	900.33	.0062	17.875	11.115	-254.32	240.751
350.21	-3.89959	-20.45	-5.31	-.03	1008.95	304.144	345.821	900.96	.0062	17.915	11.201	-254.327	240.758
350.21	-3.89959	-20.55	-5.27	-.03	1002.8	304.144	345.838	901.6	.0062	17.955	11.301	-254.327	240.758
350.22	-3.89959	-20.66	-5.22	-.03	996.65	304.145	345.845	902.23	.0062	17.994	11.415	-254.335	240.765
350.22	-3.89959	-20.77	-5.16	-.02	990.47	304.145	345.845	902.87	.0062	18.026	11.536	-254.335	240.765
350.23	-3.89941	-20.9	-5.1	-.02	984.26	304.144	345.848	903.52	.0062	18.07	11.675	-254.385	240.726
350.23	-3.89941	-21.05	-5.03	-.01	978.01	304.134	345.825	904.16	.0062	18.122	11.832	-254.385	240.726
350.24	-3.89941	-21.19	-4.98	-.01	971.78	304.133	345.845	904.81	.0062	18.182	11.968	-254.393	240.733
350.25	-3.89941	-21.35	-4.93	-.01	965.67	304.124	345.836	905.44	.0062	18.256	12.119	-254.4	240.74
350.25	-3.89941	-21.5	-4.91	-.01	959.68	304.116	345.828	906.06	.0062	18.344	12.241	-254.4	240.74
350.26	-3.89941	-21.63	-4.92	-.02	953.68	304.107	345.812	906.69	.0062	18.441	12.329	-254.407	240.747
350.27	-3.89924	-21.74	-4.95	-.03	947.59	304.109	345.834	907.32	.0062	18.536	12.391	-254.455	240.711
350.27	-3.89924	-21.83	-5.01	-.04	941.35	304.108	345.864	907.97	.0062	18.641	12.416	-254.455	240.711
350.28	-3.89924	-21.89	-5.08	-.04	934.97	304.096	345.86	908.63	.0062	18.734	12.411	-254.463	240.717
350.28	-3.89924	-21.93	-5.15	-.05	928.57	304.095	345.894	909.29	.0062	18.812	12.392	-254.463	240.717
350.29	-3.89924	-21.95	-5.2	-.05	922.24	304.093	345.916	909.95	.0062	18.862	12.372	-254.47	240.724
350.3	-3.89924	-21.97	-5.23	-.04	916.05	304.093	345.928	910.6	.0062	18.897	12.366	-254.477	240.731
350.3	-3.89924	-21.98	-5.23	-.04	910.02	304.094	345.93	911.23	.0062	18.904	12.373	-254.477	240.731
350.31	-3.89907	-22.01	-5.21	-.04	904.06	304.097	345.94	911.85	.0062	18.908	12.412	-254.525	240.695
350.32	-3.89907	-22.05	-5.18	-.04	898.04	304.089	345.911	912.47	.0062	18.914	12.462	-254.533	240.702
350.32	-3.89907	-22.1	-5.12	-.05	891.91	304.09	345.935	913.11	.0062	18.905	12.539	-254.533	240.702
350.33	-3.89907	-22.17	-5.06	-.05	885.61	304.088	345.968	913.77	.0062	18.909	12.631	-254.54	240.709
350.34	-3.89907	-22.25	-5	-.06	879.18	304.076	345.966	914.44	.0062	18.921	12.731	-254.547	240.715
350.34	-3.89907	-22.34	-4.95	-.07	872.71	304.063	345.97	915.12	.0062	18.946	12.831	-254.547	240.715
350.35	-3.89889	-22.44	-4.91	-.08	866.29	304.05	345.974	915.79	.0062	18.983	12.934	-254.598	240.676
350.35	-3.89889	-22.54	-4.89	-.09	859.92	304.028	345.935	916.46	.0062	19.038	13.02	-254.598	240.676
350.36	-3.89889	-22.65	-4.88	-.09	853.61	304.017	345.923	917.12	.0062	19.106	13.107	-254.605	240.683
350.37	-3.89889	-22.76	-4.89	-.1	847.27	303.995	345.866	917.78	.0062	19.189	13.18	-254.612	240.69
350.37	-3.89889	-22.87	-4.91	-.1	840.87	303.993	345.866	918.45	.0062	19.279	13.247	-254.612	240.69
350.38	-3.89889	-22.97	-4.93	-.1	834.5	303.981	345.827	919.12	.0062	19.362	13.305	-254.619	240.697
350.39	-3.89872	-23.07	-4.94	-.09	828.24	303.971	345.791	919.77	.0062	19.436	13.375	-254.668	240.661
350.4	-3.89872	-23.15	-4.95	-.08	822.06	303.971	345.798	920.42	.0062	19.498	13.426	-254.675	240.667
350.4	-3.89872	-23.21	-4.93	-.07	815.89	303.961	345.792	921.07	.0062	19.525	13.483	-254.675	240.667
350.41	-3.89872	-23.25	-4.91	-.07	809.68	303.951	345.798	921.72	.0062	19.538	13.526	-254.682	240.674
350.42	-3.89872	-23.27	-4.87	-.06	803.36	303.939	345.819	922.39	.0062	19.522	13.568	-254.689	240.681
350.42	-3.89872	-23.26	-4.82	-.06	797	303.916	345.803	923.06	.0062	19.479	13.595	-254.689	240.681
350.43	-3.89872	-23.23	-4.77	-.06	790.73	303.905	345.814	923.72	.0062	19.422	13.608	-254.697	240.688
350.44	-3.89854	-23.16	-4.71	-.07	784.58	303.876	345.758	924.36	.0062	19.328	13.601	-254.747	240.649
350.44	-3.89854	-23.07	-4.67	-.07	778.51	303.857	345.796	925	.0062	19.237	13.563	-254.747	240.649
350.45	-3.89854	-22.95	-4.63	-.08	772.46	303.827	345.865	925.64	.0062	19.126	13.504	-254.755	240.656
350.46	-3.89854	-22.8	-4.6	-.08	766.31	303.787	345.926	926.29	.0062	19.001	13.415	-254.762	240.663
350.46	-3.89854	-22.63	-4.58	-.09	760.02	303.745	345.979	926.95	.0062	18.87	13.305	-254.762	240.663
350.47	-3.89854	-22.44	-4.58	-.1	753.66	303.703	346.012	927.62	.0062	18.739	13.167	-254.769	240.67
350.48	-3.89837	-22.24	-4.59	-.11	747.28	303.66	346.013	928.3	.0062	18.607	13.018	-254.817	240.633
350.48	-3.89837	-22.04	-4.61	-.12	740.92	303.618	345.984	928.97	.0062	18.484	12.859	-254.817	240.633
350.49	-3.89837	-21.83	-4.63	-.13	734.61	303.565	345.873	929.64	.0062	18.354	12.693	-254.825	240.64
350.5	-3.89837	-21.62	-4.67	-.14	728.3	303.523	345.769	930.31	.0062	18.239	12.513	-254.832	240.647
350.5	-3.89837	-21.42	-4.72	-.15	721.95	303.492	345.666	930.98	.0062	18.138	12.333	-254.832	240.647
350.51	-3.89837	-21.22	-4.76	-.16	715.58	303.46	345.581	931.65	.0062	18.03	12.16	-254.839	240.654
350.52	-3.89837	-21.01	-4.8	-.18	709.2	303.427	345.645	932.33	.0062	17.915	11.98	-254.846	240.661
350.52	-3.89819	-20.77	-4.82	-.19	702.83	303.394	345.922	933.01	.0062	17.763	11.795	-254.89	240.615
350.53	-3.89819	-20.52	-4.83	-.19	696.47	303.332	346.249	933.68	.0062	17.598	11.606	-254.897	240.622
350.53	-3.89819	-20.24	-4.82	-.2	690.09	303.249	346.579	934.36	.0062	17.399	11.409	-254.897	240.622
350.54	-3.89819	-19.95	-4.79	-.2	683.69	303.165	346.876	935.04	.0062	17.178	11.219	-254.904	240.629
350.54	-3.89819	-19.65	-4.75	-.19	677.28	303.072	347.008	935.72	.0062	16.943	11.028	-254.904	240.629
350.55	-3.89819	-19.36	-4.69	-.18	670.89	302.978	347.008	936.4	.0062	16.7	10.859	-254.912	240.635
350.56	-3.89819	-19.09	-4.62	-.18	664.54	302.905	346.992	937.08	.0062	16.464	10.71	-254.919	240.642
350.56	-3.89802	-18.84	-4.55	-.17	658.29	302.843	346.985	937.75	.0062	16.24	10.579	-254.96	240.599
350.57	-3.89802	-18.61	-4.47	-.16	652.1	302.782	346.956	938.41	.0062	16.024	10.467	-254.967	240.606
350.57	-3.89802	-18.39	-4.41	-.15	645.84	302.731	346.97	939.08	.0062	15.829	10.348	-254.967	240.606
350.58	-3.89802	-18.18	-4.36	-.13	639.41	302.678	346.983	939.76	.0062	15.648	10.23	-254.974	240.613
350.58	-3.89802	-17.98	-4.33	-.12	632.86	302.634	347.038	940.46	.0062	15.489	10.105	-254.974	240.613
350.59	-3.89802	-17.79	-4.34	-.1	626.27	302.589	347.067	941.17	.0062	15.366	9.96	-254.982	240.62
350.59	-3.89802	-17.61	-4.37	-.08	619.71	302.545	347.035	941.87	.0062	15.264	9.808	-254.982	240.62
350.2	-3.89819	-17.44	-4.44	-.06	613.27	302.512	346.989	942.56	.0062	15.2	9.634	-254.657	240.395
350.21	-3.89819	-17.28	-4.54	-.05	606.93	302.501	347.017	943.24	.0062	15.163	9.449	-254.664	240.402
350.21	-3.89802	-17.14	-4.67	-.03	600.64	302.479	347.024	943.92	.0062	15.16	9.261	-254.705	240.359
350.22	-3.89802	-17.02	-4.83	-.02	594.36	302.469	347.078	944.59	.0062	15.194	9.064	-254.712	240.366
350.22	-3.89802	-16.92	-5	0	588.03	302.457	347.124	945.27	.0062	15.249	8.874	-254.712	240.366
350.22	-3.89802	-16.84	-5.2	.02	581.71	302.446	347.164	945.95	.0062	15.34	8.679	-254.712	240.366
350.23	-3.89802	-16.78	-5.4	.04	575.57	302.437	347.189	946.61	.0062	15.444	8.498	-254.72	240.372
350.23	-3.89802	-16.74	-5.6	.07	569.63	302.429	347.204	947.25	.0062	15.562	8.331	-254.72	240.372
350.24	-3.89802	-16.72	-5.79	.1	563.72	302.421	347.213	947.89	.0062	15.686	8.186	-254.727	240.379
350.24	-3.89802	-16.71	-5.96	.12	557.75	302.404	347.194	948.53	.0062	15.803	8.063	-254.727	240.379
350.25	-3.89784	-16.71	-6.11	.15	551.75	302.395	347.258	949.18	.0062	15.911	7.962	-254.778	240.34
350.25	-3.89784	-16.71	-6.21	.18	545.73	302.387	347.36	949.83	.0062	15.984	7.894	-254.778	240.34
350.25	-3.89784	-16.68	-6.27	.21	539.63	302.378	347.45	950.48	.0062	16.007	7.831	-254.778	240.34
350.26	-3.89784	-16.6	-6.29	.24	533.38	302.357	347.444	951.16	.0062	15.966	7.759	-254.785	240.347
350.26	-3.89784	-16.49	-6.28	.27	527.05	302.346	347.44	951.84	.0062	15.884	7.686	-254.785	240.347
350.27	-3.89784	-16.34	-6.25	.3	520.71	302.334	347.395	952.53	.0062	15.759	7.597	-254.792	240.354
350.27	-3.89784	-16.17	-6.24	.32	514.42	302.333	347.378	953.21	.0062	15.635	7.48	-254.792	240.354
350.27	-3.89784	-16	-6.24	.34	508.21	302.323	347.323	953.88	.0062	15.518	7.357	-254.792	240.354
350.28	-3.89767	-15.85	-6.27	.36	502	302.323	347.32	954.55	.0062	15.436	7.23	-254.84	240.318
350.28	-3.89767	-15.71	-6.33	.38	495.63	302.322	347.333	955.24	.0062	15.383	7.087	-254.84	240.318
350.28	-3.89767	-15.61	-6.42	.4	489.11	302.318	347.348	955.95	.0062	15.38	6.952	-254.84	240.318
350.29	-3.89767	-15.53	-6.52	.41	482.53	302.315	347.351	956.66	.0062	15.398	6.825	-254.847	240.324
350.29	-3.89767	-15.46	-6.64	.42	475.96	302.301	347.287	957.37	.0062	15.438	6.692	-254.847	240.324
350.29	-3.89767	-15.39	-6.76	.44	469.45	302.288	347.211	958.08	.0062	15.477	6.559	-254.847	240.324
350.3	-3.89767	-15.32	-6.88	.45	463	302.286	347.181	958.78	.0062	15.516	6.426	-254.855	240.331
350.3	-3.89749	-15.22	-6.99	.47	456.6	302.274	347.172	959.47	.0062	15.526	6.28	-254.898	240.285
350.3	-3.89749	-15.12	-7.09	.49	450.25	302.262	347.301	960.16	.0062	15.531	6.139	-254.898	240.285
350.31	-3.89749	-14.99	-7.18	.5	443.94	302.241	347.576	960.85	.0062	15.507	5.983	-254.905	240.292
350.31	-3.89749	-14.87	-7.26	.51	437.68	302.21	348.053	961.53	.0062	15.483	5.84	-254.905	240.292
350.31	-3.89749	-14.74	-7.32	.53	431.52	302.17	348.698	962.2	.0062	15.437	5.705	-254.905	240.292
350.32	-3.89749	-14.61	-7.37	.54	425.51	302.111	349.324	962.86	.0062	15.384	5.576	-254.913	240.299
350.32	-3.89749	-14.5	-7.41	.55	419.62	302.064	349.922	963.5	.0062	15.338	5.468	-254.913	240.299
350.32	-3.89749	-14.39	-7.44	.56	413.82	302.017	350.376	964.13	.0062	15.284	5.368	-254.913	240.299
350.32	-3.89732	-14.3	-7.48	.57	408.1	301.982	350.68	964.75	.0062	15.251	5.277	-254.953	240.256
350.33	-3.89732	-14.21	-7.51	.58	402.48	301.947	350.818	965.37	.0062	15.211	5.191	-254.961	240.263
350.33	-3.89732	-14.13	-7.55	.58	396.95	301.923	350.875	965.97	.0062	15.185	5.106	-254.961	240.263
350.33	-3.89732	-14.05	-7.6	.59	391.49	301.89	350.817	966.57	.0062	15.167	5.013	-254.961	240.263
350.34	-3.89732	-13.98	-7.66	.59	386.06	301.878	350.824	967.16	.0062	15.162	4.921	-254.968	240.27
350.34	-3.89732	-13.91	-7.72	.59	380.66	301.855	350.782	967.75	.0062	15.158	4.829	-254.968	240.27
350.34	-3.89732	-13.86	-7.79	.6	375.23	301.842	350.794	968.35	.0062	15.175	4.744	-254.968	240.27
350.34	-3.89732	-13.81	-7.86	.6	369.73	301.839	350.841	968.95	.0062	15.191	4.66	-254.968	240.27
350.34	-3.89715	-13.79	-7.92	.6	364.15	301.825	350.858	969.56	.0062	15.221	4.607	-255.009	240.226
350.35	-3.89715	-13.79	-7.98	.6	358.52	301.821	350.936	970.18	.0062	15.264	4.566	-255.016	240.233
350.35	-3.89715	-13.82	-8.03	.6	352.91	301.817	351.016	970.79	.0062	15.321	4.553	-255.016	240.233
350.35	-3.89715	-13.88	-8.07	.59	347.36	301.813	351.062	971.4	.0062	15.392	4.57	-255.016	240.233
350.35	-3.89715	-13.95	-8.1	.59	341.91	301.81	351.075	972	.0062	15.461	4.6	-255.016	240.233
350.36	-3.89715	-14.04	-8.13	.59	336.6	301.819	351.092	972.58	.0062	15.545	4.645	-255.023	240.24
350.36	-3.89715	-14.14	-8.15	.58	331.43	301.819	351.055	973.15	.0062	15.628	4.704	-255.023	240.24
350.36	-3.89715	-14.22	-8.16	.57	326.39	301.831	351.077	973.7	.0062	15.69	4.755	-255.023	240.24
350.36	-3.89697	-14.3	-8.18	.56	321.44	301.833	351.091	974.24	.0062	15.759	4.803	-255.067	240.194
350.37	-3.89697	-14.34	-8.21	.55	316.54	301.826	351.147	974.78	.0062	15.808	4.811	-255.074	240.201
350.37	-3.89697	-14.34	-8.25	.54	311.64	301.828	351.348	975.32	.0062	15.837	4.784	-255.074	240.201
350.37	-3.89697	-14.28	-8.31	.53	306.73	301.821	351.542	975.86	.0062	15.84	4.699	-255.074	240.201
350.37	-3.89697	-14.17	-8.38	.53	301.81	301.824	351.717	976.4	.0062	15.815	4.571	-255.074	240.201
350.38	-3.89697	-13.99	-8.48	.53	296.87	301.825	351.793	976.95	.0062	15.765	4.371	-255.081	240.208
350.38	-3.89697	-13.77	-8.58	.54	291.92	301.828	351.857	977.49	.0062	15.687	4.143	-255.081	240.208
350.38	-3.89697	-13.52	-8.69	.54	286.94	301.83	351.919	978.04	.0062	15.595	3.885	-255.081	240.208
350.38	-3.8968	-13.27	-8.79	.54	281.87	301.831	351.951	978.6	.0062	15.496	3.637	-255.122	240.164
350.38	-3.8968	-13.02	-8.87	.55	276.66	301.831	351.926	979.17	.0062	15.383	3.4	-255.122	240.164
350.39	-3.8968	-12.78	-8.94	.55	271.28	301.818	351.825	979.77	.0062	15.269	3.178	-255.129	240.171
350.39	-3.8968	-12.58	-8.98	.55	265.71	301.815	351.785	980.38	.0062	15.161	3.005	-255.129	240.171
350.39	-3.8968	-12.41	-9.01	.56	260.04	301.8	351.727	981.01	.0062	15.067	2.86	-255.129	240.171
350.39	-3.8968	-12.27	-9.02	.56	254.38	301.795	351.742	981.63	.0062	14.978	2.751	-255.129	240.171
350.39	-3.8968	-12.17	-9.03	.555	248.77	301.791	351.77	982.25	.0062	14.917	2.672	-255.129	240.171
350.39	-3.8968	-12.11	-9.04	.5562	243.2	301.797	351.841	982.87	.0062	14.883	2.621	-255.129	240.171
350.39	-3.89662	-12.08	-9.05	.5578	237.63	301.793	351.855	983.49	.0062	14.869	2.595	-255.172	240.125
350.4	-3.89662	-12.08	-9.05	.5573	232.01	301.789	351.862	984.11	.0062	14.869	2.595	-255.18	240.132
350.4	-3.89662	-12.1	-9.05	.5566	226.34	301.794	351.895	984.74	.0062	14.883	2.61	-255.18	240.132
350.4	-3.89662	-12.13	-9.05	.557	220.65	301.789	351.9	985.37	.0062	14.903	2.632	-255.18	240.132
350.4	-3.89662	-12.17	-9.04	.5572	214.99	301.785	351.92	985.99	.0062	14.924	2.668	-255.18	240.132
350.4	-3.89662	-12.22	-9.02	.557	209.32	301.78	351.953	986.62	.0062	14.943	2.718	-255.18	240.132
350.4	-3.89662	-12.25	-9	.5569	203.6	301.774	351.97	987.26	.0062	14.949	2.753	-255.18	240.132
350.4	-3.89662	-12.27	-8.97	.557	197.81	301.768	351.965	987.9	.0062	14.941	2.788	-255.18	240.132
350.41	-3.89645	-12.28	-8.94	.557	191.95	301.772	351.957	988.55	.0062	14.926	2.819	-255.228	240.096
350.41	-3.89645	-12.27	-8.9	.557	186.03	301.764	351.868	989.21	.0062	14.89	2.839	-255.228	240.096
350.41	-3.89645	-12.24	-8.87	.557	180.06	301.767	351.843	989.87	.0062	14.847	2.838	-255.228	240.096
350.41	-3.89645	-12.22	-8.84	.557	174.04	301.759	351.839	990.54	.0062	14.812	2.844	-255.228	240.096
350.41	-3.89645	-12.2	-8.81	.557	167.94	301.75	351.877	991.22	.0062	14.776	2.85	-255.228	240.096
350.41	-3.89645	-12.19	-8.8	.557	161.77	301.74	351.936	991.91	.0062	14.762	2.849	-255.228	240.096
350.42	-3.89645	-12.2	-8.79	.557	155.52	301.74	352.03	992.6	.0062	14.762	2.863	-255.235	240.102
350.42	-3.89645	-12.22	-8.8	.557	149.21	301.739	352.093	993.3	.0062	14.783	2.871	-255.235	240.102
350.42	-3.89627	-12.25	-8.8	.557	142.88	301.738	352.11	994.01	.0062	14.803	2.896	-255.278	240.057
350.42	-3.89627	-12.28	-8.81	.557	136.55	301.746	352.169	994.72	.0062	14.83	2.911	-255.278	240.057
350.42	-3.89627	-12.32	-8.81	.557	130.27	301.746	352.187	995.42	.0062	14.858	2.94	-255.278	240.057
350.42	-3.89627	-12.37	-8.8	.557	124.04	301.746	352.206	996.11	.0062	14.885	2.983	-255.278	240.057
350.42	-3.89627	-12.42	-8.78	.557	117.82	301.735	352.173	996.81	.0062	14.905	3.033	-255.278	240.057
350.43	-3.89627	-12.47	-8.75	.557	111.59	301.726	352.118	997.5	.0062	14.917	3.09	-255.286	240.063
350.43	-3.89627	-12.53	-8.71	.557	105.31	301.724	352.065	998.21	.0062	14.929	3.161	-255.286	240.063
350.43	-3.89627	-12.59	-8.64	.557	99	301.724	351.997	998.91	.0062	14.919	3.253	-255.286	240.063
350.43	-3.8961	-12.65	-8.55	.557	92.7	301.723	351.957	999.62	.0062	14.894	3.361	-255.326	240.02
350.43	-3.8961	-12.71	-8.45	.557	86.47	301.723	351.958	1000.31	.0062	14.862	3.473	-255.326	240.02
350.43	-3.8961	-12.75	-8.33	.557	80.27	301.733	352.015	1001.01	.0062	14.802	3.584	-255.326	240.02
350.44	-3.8961	-12.79	-8.2	.557	74.03	301.733	352.021	1001.71	.0062	14.735	3.702	-255.334	240.027
350.44	-3.8961	-12.79	-8.07	.557	67.79	301.742	352.085	1002.41	.0062	14.64	3.792	-255.334	240.027
350.44	-3.8961	-12.75	-7.92	.557	61.67	301.753	352.165	1003.1	.0062	14.503	3.865	-255.334	240.027
350.44	-3.8961	-12.66	-7.76	.557	55.66	301.745	352.256	1003.77	.0062	14.325	3.909	-255.334	240.027
350.44	-3.8961	-12.56	-7.6	.557	49.68	301.748	352.531	1004.44	.0062	14.14	3.946	-255.334	240.027
350.45	-3.89592	-12.42	-7.44	.557	43.67	301.749	352.937	1005.12	.0062	13.927	3.956	-255.384	239.988
350.45	-3.89592	-12.18	-7.22	.557	37.62	301.751	353.439	1005.8	.0062	13.602	3.932	-255.384	239.988
350.45	-3.89592	-11.74	-6.88	.557	31.57	301.742	353.917	1006.48	.0062	13.053	3.844	-255.384	239.988
350.45	-3.89592	-11.1	-6.41	.557	25.49	301.744	354.355	1007.16	.0062	12.272	3.699	-255.384	239.988
350.45	-3.89592	-10.39	-5.93	.557	19.29	301.744	354.641	1007.86	.0062	11.436	3.511	-255.384	239.988
350.46	-3.89592	-9.72	-5.56	.557	13.01	301.743	354.855	1008.57	.0062	10.708	3.276	-255.392	239.995
350.46	-3.89592	-10.48	-6.14	.557	6.5	301.711	354.899	1009.3	.0062	11.651	3.432	-255.392	239.995
