189.31	-.14765	-3.55	23.44	NaN	1208.18	303.211	341.968	874.53	.0052	22.663	-6.96	187.25	-27.85
189.31	-.14765	-3.66	23.69	NaN	1201.8	303.209	341.925	875.17	.0052	22.894	-7.105	187.25	-27.85
189.3	-.14748	-3.77	23.93	NaN	1195.53	303.208	341.882	875.81	.0052	23.116	-7.245	187.245	-27.817
189.3	-.14748	-3.89	24.14	NaN	1189.3	303.208	341.859	876.44	.0052	23.306	-7.395	187.245	-27.817
189.29	-.14748	-4.02	24.31	NaN	1183.09	303.207	341.857	877.08	.0052	23.455	-7.549	187.235	-27.815
189.29	-.14731	-4.15	24.42	NaN	1176.92	303.198	341.85	877.7	.0052	23.546	-7.689	187.24	-27.784
189.29	-.14731	-4.26	24.47	NaN	1170.76	303.198	341.888	878.33	.0052	23.58	-7.806	187.24	-27.784
189.28	-.14731	-4.35	24.45	NaN	1164.56	303.198	341.915	878.96	.0052	23.547	-7.892	187.23	-27.782
189.28	-.14713	-4.41	24.36	NaN	1158.3	303.197	341.932	879.6	.0052	23.45	-7.934	187.235	-27.748
189.27	-.14713	-4.45	24.22	NaN	1152.03	303.186	341.911	880.24	.0052	23.306	-7.953	187.225	-27.747
189.27	-.14713	-4.46	24.02	NaN	1145.79	303.185	341.947	880.88	.0052	23.107	-7.933	187.225	-27.747
189.27	-.14696	-4.44	23.79	NaN	1139.61	303.186	342.012	881.51	.0052	22.883	-7.876	187.23	-27.715
189.26	-.14696	-4.4	23.52	NaN	1133.5	303.177	342.091	882.13	.0052	22.622	-7.797	187.22	-27.714
189.26	-.14678	-4.33	23.22	NaN	1127.42	303.178	342.232	882.75	.0052	22.337	-7.679	187.225	-27.68
189.25	-.14678	-4.23	22.91	NaN	1121.3	303.168	342.315	883.38	.0052	22.045	-7.535	187.215	-27.678
189.25	-.14678	-4.11	22.58	NaN	1115.15	303.158	342.344	884.01	.0052	21.736	-7.368	187.215	-27.678
189.25	-.14661	-3.97	22.24	NaN	1109.01	303.149	342.322	884.63	.0052	21.421	-7.176	187.22	-27.647
189.24	-.14661	-3.82	21.9	NaN	1102.92	303.139	342.243	885.26	.0052	21.107	-6.978	187.21	-27.645
189.24	-.14661	-3.67	21.55	NaN	1096.82	303.13	342.126	885.88	.0052	20.783	-6.779	187.21	-27.645
189.24	-.14661	-3.54	21.21	NaN	1090.69	303.12	341.997	886.51	.0052	20.465	-6.6	187.21	-27.645
189.23	-.14643	-3.44	20.87	NaN	1084.53	303.111	341.876	887.14	.0052	20.145	-6.448	187.205	-27.61
189.23	-.14643	-3.37	20.54	NaN	1078.36	303.1	341.759	887.78	.0052	19.828	-6.331	187.205	-27.61
189.23	-.14643	-3.35	20.23	NaN	1072.13	303.099	341.682	888.42	.0052	19.525	-6.266	187.205	-27.61
189.22	-.14626	-3.37	19.93	NaN	1065.81	303.088	341.601	889.07	.0052	19.226	-6.239	187.2	-27.577
189.22	-.14626	-3.41	19.66	NaN	1059.38	303.075	341.599	889.73	.0052	18.953	-6.239	187.2	-27.577
189.22	-.14626	-3.45	19.4	NaN	1052.92	303.052	341.685	890.39	.0052	18.69	-6.241	187.2	-27.577
189.21	-.14608	-3.47	19.17	NaN	1046.52	303.029	341.891	891.05	.0052	18.461	-6.223	187.195	-27.542
189.21	-.14608	-3.45	18.96	NaN	1040.22	302.987	342.138	891.7	.0052	18.256	-6.173	187.195	-27.542
189.21	-.14608	-3.39	18.77	NaN	1034.04	302.936	342.422	892.33	.0052	18.077	-6.086	187.195	-27.542
189.21	-.14608	-3.29	18.59	NaN	1027.91	302.874	342.652	892.97	.0052	17.913	-5.961	187.195	-27.542
189.2	-.14591	-3.16	18.43	NaN	1021.73	302.813	342.828	893.6	.0052	17.775	-5.806	187.19	-27.508
189.2	-.14591	-3.03	18.28	NaN	1015.48	302.74	342.923	894.25	.0052	17.645	-5.656	187.19	-27.508
189.2	-.14591	-2.9	18.15	NaN	1009.21	302.677	343.036	894.9	.0052	17.535	-5.508	187.19	-27.508
189.19	-.14591	-2.79	18.05	NaN	1002.94	302.614	343.128	895.55	.0052	17.453	-5.385	187.18	-27.507
189.19	-.14573	-2.7	17.98	NaN	996.66	302.551	343.184	896.2	.0052	17.397	-5.282	187.185	-27.473
189.19	-.14573	-2.62	17.96	NaN	990.37	302.499	343.224	896.85	.0052	17.389	-5.2	187.185	-27.473
189.19	-.14573	-2.57	17.96	NaN	984.06	302.447	343.168	897.5	.0052	17.396	-5.151	187.185	-27.473
189.18	-.14573	-2.55	17.99	NaN	977.72	302.404	343.024	898.16	.0052	17.429	-5.135	187.175	-27.472
189.18	-.14556	-2.56	18.04	NaN	971.39	302.372	342.903	898.81	.0052	17.478	-5.15	187.179	-27.44
189.18	-.14556	-2.61	18.07	NaN	965.12	302.329	342.884	899.47	.0052	17.5	-5.203	187.179	-27.44
189.17	-.14556	-2.71	18.09	-.01	958.88	302.299	343.091	900.11	.0052	17.506	-5.305	187.169	-27.438
189.17	-.14539	-2.83	18.07	-.01	952.64	302.257	343.334	900.76	.0052	17.469	-5.418	187.174	-27.407
189.17	-.14539	-2.99	18.02	-.01	946.39	302.205	343.504	901.41	.0052	17.397	-5.569	187.174	-27.407
189.17	-.14539	-3.16	17.95	-.02	940.16	302.153	343.595	902.06	.0052	17.303	-5.727	187.174	-27.407
189.16	-.14539	-3.34	17.86	-.02	933.98	302.112	343.619	902.7	.0052	17.188	-5.892	187.164	-27.405
189.16	-.14521	-3.51	17.76	-.03	927.89	302.072	343.559	903.34	.0052	17.065	-6.043	187.169	-27.371
189.16	-.14521	-3.67	17.64	-.04	921.9	302.033	343.496	903.96	.0052	16.923	-6.184	187.169	-27.371
189.15	-.14521	-3.92	17.35	-.05	909.9	301.955	343.611	905.21	.0052	16.6	-6.389	187.159	-27.37
189.15	-.14504	-4	17.18	-.06	903.75	301.913	343.831	905.86	.0052	16.421	-6.441	187.164	-27.338
189.14	-.14504	-4.06	16.99	-.07	897.53	301.852	344.055	906.51	.0052	16.225	-6.473	187.154	-27.337
189.14	-.14504	-4.08	16.77	-.08	891.25	301.79	344.283	907.16	.0052	16.004	-6.461	187.154	-27.337
189.14	-.14504	-4.08	16.55	-.09	884.93	301.717	344.415	907.82	.0052	15.787	-6.429	187.154	-27.337
189.13	-.14486	-4.05	16.32	-.1	878.59	301.663	344.548	908.49	.0052	15.564	-6.363	187.149	-27.302
189.13	-.14486	-4.01	16.1	-.11	872.29	301.601	344.558	909.15	.0052	15.353	-6.292	187.149	-27.302
189.13	-.14486	-3.96	15.92	-.12	866.1	301.56	344.583	909.8	.0052	15.182	-6.217	187.149	-27.302
189.13	-.14486	-3.91	15.77	-.12	859.98	301.52	344.574	910.44	.0052	15.04	-6.146	187.149	-27.302
189.12	-.14469	-3.88	15.67	-.13	853.86	301.48	344.555	911.08	.0052	14.947	-6.099	187.144	-27.268
189.12	-.14469	-3.87	15.6	-.14	847.73	301.449	344.553	911.73	.0052	14.879	-6.079	187.144	-27.268
189.12	-.14469	-3.87	15.54	-.15	841.62	301.419	344.529	912.37	.0052	14.82	-6.07	187.144	-27.268
189.48	-.14521	-3.89	15.48	-.16	835.54	301.4	344.508	913.01	.0052	14.754	-6.089	187.486	-27.418
189.47	-.14521	-3.92	15.4	-.17	829.45	301.391	344.506	913.65	.0052	14.671	-6.107	187.476	-27.416
189.47	-.14504	-3.94	15.3	-.17	823.32	301.381	344.487	914.3	.0052	14.57	-6.11	187.481	-27.384
189.46	-.14504	-3.88	15.01	-.17	810.58	301.368	344.481	915.64	.0052	14.292	-6.009	187.471	-27.383
189.46	-.14504	-3.79	14.85	-.17	804	301.364	344.499	916.33	.0052	14.146	-5.897	187.471	-27.383
189.46	-.14504	-3.65	14.67	-.17	797.44	301.361	344.527	917.02	.0052	13.988	-5.732	187.471	-27.383
189.46	-.14486	-3.49	14.49	-.17	790.95	301.347	344.515	917.71	.0052	13.834	-5.545	187.476	-27.349
189.45	-.14486	-3.31	14.29	-.17	784.47	301.335	344.5	918.39	.0052	13.663	-5.338	187.466	-27.348
189.45	-.14486	-3.14	14.07	-.18	777.95	301.321	344.478	919.08	.0052	13.469	-5.138	187.466	-27.348
189.45	-.14486	-3.01	13.83	-.18	771.39	301.307	344.47	919.78	.0052	13.251	-4.975	187.466	-27.348
189.44	-.14486	-2.91	13.55	-.19	764.78	301.282	344.453	920.48	.0052	12.988	-4.836	187.456	-27.346
189.44	-.14469	-2.87	13.26	-.19	758.12	301.258	344.484	921.18	.0052	12.708	-4.752	187.46	-27.315
189.44	-.14469	-2.92	12.65	-.2	744.77	301.197	344.559	922.6	.0052	12.097	-4.713	187.46	-27.315
189.44	-.14469	-3.01	12.37	-.2	738.17	301.162	344.561	923.3	.0052	11.807	-4.762	187.46	-27.315
189.43	-.14451	-3.28	11.89	-.21	725.37	301.087	344.469	924.66	.0052	11.294	-4.958	187.455	-27.279
189.43	-.14451	-3.44	11.72	-.21	719.16	301.056	344.467	925.32	.0052	11.102	-5.092	187.455	-27.279
189.43	-.14451	-3.61	11.59	-.22	712.95	301.025	344.548	925.98	.0052	10.949	-5.241	187.455	-27.279
189.42	-.14451	-3.77	11.53	-.22	706.64	300.983	344.663	926.65	.0052	10.867	-5.391	187.446	-27.278
189.42	-.14451	-3.93	11.52	-.22	700.29	300.931	344.762	927.33	.0052	10.834	-5.548	187.446	-27.278
189.42	-.14451	-4.09	11.56	-.22	693.96	300.879	344.863	928	.0052	10.851	-5.712	187.446	-27.278
189.41	-.14434	-4.34	11.74	-.23	681.32	300.784	344.962	929.35	.0052	10.994	-5.984	187.44	-27.245
189.41	-.14434	-4.44	11.85	-.23	674.96	300.742	344.934	930.03	.0052	11.088	-6.098	187.44	-27.245
189.4	-.14434	-4.52	11.96	-.24	668.61	300.71	344.904	930.71	.0052	11.185	-6.193	187.43	-27.243
189.4	-.14434	-4.57	12.05	-.26	662.27	300.689	344.878	931.38	.0052	11.267	-6.256	187.43	-27.243
189.4	-.14434	-4.62	12.13	-.27	655.92	300.656	344.811	932.06	.0052	11.339	-6.317	187.43	-27.243
189.4	-.14416	-4.67	12.18	-.28	649.53	300.644	344.827	932.75	.0052	11.383	-6.371	187.435	-27.209
189.39	-.14416	-4.72	12.23	-.29	643.1	300.621	344.835	933.44	.0052	11.425	-6.428	187.425	-27.208
189.39	-.14416	-4.77	12.26	-.29	636.71	300.599	344.871	934.12	.0052	11.448	-6.482	187.425	-27.208
189.39	-.14416	-4.85	12.28	-.3	630.35	300.578	344.934	934.8	.0052	11.456	-6.564	187.425	-27.208
189.38	-.14416	-4.93	12.3	-.3	624.01	300.556	344.991	935.48	.0052	11.464	-6.646	187.416	-27.207
189.38	-.14416	-5.03	12.32	-.3	617.69	300.524	344.977	936.16	.0052	11.47	-6.748	187.416	-27.207
189.38	-.14399	-5.14	12.33	-.31	611.36	300.502	344.966	936.84	.0052	11.465	-6.856	187.42	-27.175
189.37	-.14399	-5.26	12.35	-.31	605	300.491	344.962	937.52	.0052	11.467	-6.978	187.41	-27.173
189.37	-.14399	-5.38	12.36	-.32	598.64	300.489	344.964	938.21	.0052	11.46	-7.098	187.41	-27.173
189.36	-.14399	-5.51	12.37	-.32	592.29	300.488	344.963	938.89	.0052	11.451	-7.228	187.4	-27.172
189.36	-.14399	-5.63	12.38	-.33	585.96	300.487	344.955	939.57	.0052	11.444	-7.348	187.4	-27.172
189.36	-.14399	-5.75	12.37	-.34	579.67	300.486	344.952	940.25	.0052	11.417	-7.466	187.4	-27.172
189.35	-.14382	-5.87	12.34	-.35	573.41	300.485	344.955	940.93	.0052	11.371	-7.578	187.395	-27.139
189.35	-.14382	-6	12.3	-.35	567.18	300.474	344.913	941.6	.0052	11.313	-7.701	187.395	-27.139
189.35	-.14382	-6.13	12.25	-.36	560.94	300.474	344.9	942.27	.0052	11.245	-7.822	187.395	-27.139
189.34	-.14382	-6.39	12.15	-.36	548.42	300.473	344.838	943.62	.0052	11.109	-8.065	187.385	-27.137
189.33	-.14382	-6.52	12.11	-.35	542.18	300.472	344.832	944.3	.0052	11.05	-8.188	187.375	-27.136
189.33	-.14364	-6.65	12.08	-.35	536.03	300.473	344.868	944.96	.0052	11.004	-8.311	187.38	-27.102
189.33	-.14364	-6.77	12.08	-.35	529.89	300.463	344.89	945.63	.0052	10.986	-8.429	187.38	-27.102
189.32	-.14364	-6.88	12.11	-.34	523.69	300.443	344.9	946.3	.0052	11	-8.543	187.37	-27.101
189.32	-.14364	-6.97	12.17	-.34	517.41	300.432	344.954	946.98	.0052	11.047	-8.64	187.37	-27.101
189.31	-.14364	-7.04	12.23	-.33	511.14	300.421	344.985	947.66	.0052	11.096	-8.718	187.36	-27.099
189.31	-.14364	-7.09	12.3	-.33	504.91	300.401	344.951	948.33	.0052	11.158	-8.778	187.36	-27.099
189.3	-.14347	-7.12	12.36	-.32	498.73	300.391	344.95	949	.0052	11.215	-8.814	187.355	-27.066
189.3	-.14347	-7.14	12.41	-.32	492.58	300.371	344.921	949.67	.0052	11.262	-8.841	187.355	-27.066
189.29	-.14347	-7.14	12.43	-.31	486.37	300.352	344.886	950.34	.0052	11.281	-8.844	187.345	-27.064
189.29	-.14347	-7.13	12.43	-.31	480.02	300.34	344.888	951.03	.0052	11.283	-8.834	187.345	-27.064
189.29	-.14347	-7.11	12.41	-.3	473.59	300.317	344.842	951.73	.0052	11.266	-8.811	187.345	-27.064
189.28	-.14329	-7.1	12.37	-.3	467.19	300.295	344.791	952.43	.0052	11.229	-8.794	187.34	-27.029
189.28	-.14329	-7.09	12.33	-.31	460.87	300.283	344.786	953.12	.0052	11.191	-8.778	187.34	-27.029
189.27	-.14329	-7.08	12.28	-.31	454.65	300.274	344.785	953.79	.0052	11.143	-8.761	187.33	-27.028
189.27	-.14329	-7.08	12.24	-.31	448.49	300.264	344.783	954.46	.0052	11.104	-8.755	187.33	-27.028
189.26	-.14329	-7.09	12.19	-.31	442.37	300.265	344.82	955.13	.0052	11.053	-8.758	187.32	-27.026
189.26	-.14329	-7.1	12.14	-.31	436.23	300.255	344.812	955.8	.0052	11.002	-8.761	187.32	-27.026
189.25	-.14312	-7.13	12.1	-.31	430.06	300.235	344.77	956.47	.0052	10.959	-8.783	187.315	-26.993
189.25	-.14312	-7.16	12.05	-.31	423.86	300.225	344.76	957.15	.0052	10.906	-8.806	187.315	-26.993
189.25	-.14312	-7.2	12	-.31	417.58	300.214	344.737	957.84	.0052	10.85	-8.838	187.315	-26.993
189.24	-.14312	-7.25	11.94	-.31	411.18	300.202	344.712	958.54	.0052	10.784	-8.879	187.305	-26.992
189.24	-.14312	-7.3	11.89	-.31	404.72	300.2	344.726	959.24	.0052	10.727	-8.921	187.305	-26.992
189.23	-.14312	-7.37	11.85	-.32	398.31	300.188	344.695	959.94	.0052	10.678	-8.985	187.295	-26.99
189.23	-.14312	-7.44	11.82	-.32	392.02	300.177	344.665	960.63	.0052	10.638	-9.05	187.295	-26.99
189.22	-.14294	-7.51	11.79	-.32	385.76	300.156	344.595	961.32	.0052	10.6	-9.113	187.29	-26.955
189.21	-.14294	-7.68	11.75	-.31	373.15	300.124	344.476	962.7	.0052	10.536	-9.276	187.28	-26.954
189.21	-.14294	-7.77	11.74	-.31	366.82	300.102	344.398	963.4	.0052	10.513	-9.363	187.28	-26.954
189.2	-.14294	-7.85	11.73	-.31	360.52	300.091	344.373	964.09	.0052	10.492	-9.441	187.27	-26.952
189.2	-.14294	-7.93	11.72	-.31	354.31	300.071	344.321	964.77	.0052	10.471	-9.519	187.27	-26.952
189.2	-.14277	-8.01	11.72	-.32	348.16	300.061	344.319	965.45	.0052	10.461	-9.596	187.275	-26.92
189.19	-.14277	-8.08	11.71	-.33	341.97	300.041	344.279	966.13	.0052	10.441	-9.664	187.265	-26.919
189.19	-.14277	-8.14	11.7	-.34	335.71	300.021	344.244	966.81	.0052	10.423	-9.722	187.265	-26.919
189.18	-.14277	-8.19	11.68	-.34	329.41	299.999	344.194	967.51	.0052	10.396	-9.769	187.255	-26.918
189.18	-.14277	-8.24	11.66	-.35	323.11	299.989	344.184	968.2	.0052	10.369	-9.815	187.255	-26.918
189.17	-.14277	-8.28	11.63	-.35	316.84	299.968	344.136	968.89	.0052	10.334	-9.851	187.245	-26.916
189.17	-.14259	-8.3	11.58	-.35	310.62	299.947	344.105	969.58	.0052	10.283	-9.861	187.25	-26.882
189.16	-.14259	-8.32	11.52	-.35	304.41	299.926	344.079	970.27	.0052	10.221	-9.873	187.24	-26.881
189.15	-.14259	-8.32	11.34	-.35	291.8	299.874	343.976	971.66	.0052	10.043	-9.847	187.23	-26.88
189.15	-.14259	-8.31	11.24	-.35	285.49	299.853	343.931	972.36	.0052	9.945	-9.823	187.23	-26.88
189.14	-.14259	-8.29	11.12	-.34	279.27	299.823	343.85	973.04	.0052	9.829	-9.786	187.22	-26.878
189.14	-.14259	-8.25	10.99	-.34	273.12	299.794	343.781	973.72	.0052	9.706	-9.728	187.22	-26.878
189.13	-.14242	-8.18	10.84	-.34	267	299.764	343.717	974.4	.0052	9.569	-9.636	187.215	-26.845
189.13	-.14242	-8.09	10.69	-.33	260.8	299.723	343.632	975.09	.0052	9.433	-9.525	187.215	-26.845
189.12	-.14242	-7.97	10.51	-.33	254.42	299.681	343.579	975.8	.0052	9.272	-9.381	187.205	-26.844
189.12	-.14242	-7.83	10.33	-.335	247.93	299.638	343.56	976.52	.0052	9.114	-9.217	187.205	-26.844
189.11	-.14242	-7.67	10.15	-.3338	241.52	299.596	343.609	977.23	.0052	8.959	-9.033	187.195	-26.842
189.11	-.14242	-7.49	9.97	-.3322	235.27	299.546	343.73	977.92	.0052	8.806	-8.829	187.195	-26.842
189.1	-.14242	-7.3	9.78	-.3327	229.16	299.486	343.926	978.6	.0052	8.645	-8.614	187.185	-26.841
189.1	-.14224	-7.1	9.6	-.3334	223.15	299.428	344.196	979.27	.0052	8.497	-8.389	187.19	-26.807
189.09	-.14224	-6.9	9.43	-.333	217.09	299.358	344.429	979.95	.0052	8.357	-8.167	187.18	-26.806
189.09	-.14224	-6.7	9.29	-.3328	210.87	299.288	344.631	980.64	.0052	8.246	-7.949	187.18	-26.806
189.09	-.14224	-6.52	9.17	-.333	204.54	299.217	344.771	981.34	.0052	8.153	-7.754	187.18	-26.806
189.08	-.14224	-6.37	9.1	-.3331	198.22	299.155	344.866	982.05	.0052	8.105	-7.596	187.17	-26.804
189.08	-.14224	-6.26	9.05	-.333	191.96	299.104	344.919	982.75	.0052	8.071	-7.48	187.17	-26.804
189.08	-.14224	-6.18	9.02	-.333	185.79	299.064	344.936	983.44	.0052	8.053	-7.396	187.17	-26.804
189.07	-.14224	-6.14	9.01	-.333	179.7	299.035	344.906	984.12	.0052	8.049	-7.355	187.161	-26.803
189.06	-.14207	-6.13	8.96	-.333	167.35	298.986	344.578	985.5	.0052	8.002	-7.337	187.155	-26.769
189.06	-.14207	-6.17	8.91	-.333	161.09	298.965	344.345	986.2	.0052	7.947	-7.369	187.155	-26.769
189.06	-.14207	-6.23	8.85	-.333	154.85	298.955	344.175	986.9	.0052	7.879	-7.42	187.155	-26.769
189.05	-.14207	-6.31	8.77	-.333	148.61	298.944	344.034	987.6	.0052	7.788	-7.488	187.145	-26.768
189.05	-.14207	-6.37	8.67	-.333	142.32	298.943	343.948	988.31	.0052	7.681	-7.533	187.145	-26.768
189.05	-.14207	-6.42	8.58	-.333	136	298.943	343.875	989.01	.0052	7.585	-7.57	187.145	-26.768
189.04	-.14207	-6.45	8.48	-.333	129.75	298.932	343.791	989.72	.0052	7.481	-7.586	187.135	-26.767
189.04	-.1419	-6.44	8.4	-.333	123.62	298.932	343.791	990.41	.0052	7.405	-7.563	187.14	-26.735
189.03	-.1419	-6.39	8.32	-.333	117.54	298.934	343.865	991.09	.0052	7.333	-7.502	187.13	-26.733
189.03	-.1419	-6.3	8.26	-.333	111.46	298.925	343.991	991.77	.0052	7.286	-7.405	187.13	-26.733
189.03	-.1419	-6.17	8.22	-.333	105.26	298.925	344.258	992.47	.0052	7.265	-7.27	187.13	-26.733
189.02	-.1419	-6.01	8.2	-.333	98.83	298.913	344.557	993.19	.0052	7.268	-7.109	187.12	-26.732
189.02	-.1419	-5.85	8.2	-.333	92.25	298.899	344.908	993.94	.0052	7.29	-6.951	187.12	-26.732
189.38	-.14242	-5.54	8.24	-.333	79.13	298.863	345.401	995.41	.0052	7.37	-6.653	187.463	-26.88
189.37	-.14242	-5.44	8.27	-.333	72.74	298.841	345.417	996.13	.0052	7.414	-6.559	187.453	-26.879
189.37	-.14242	-5.38	8.31	-.333	66.48	298.82	345.341	996.84	.0052	7.462	-6.505	187.453	-26.879
189.37	-.14242	-5.36	8.36	-.333	60.31	298.81	345.276	997.54	.0052	7.515	-6.492	187.453	-26.879
189.36	-.14224	-5.36	8.4	-.333	54.18	298.801	345.187	998.23	.0052	7.555	-6.497	187.448	-26.844
189.36	-.14224	-5.4	8.47	-.333	48.12	298.802	345.094	998.92	.0052	7.619	-6.546	187.448	-26.844
189.36	-.14224	-5.46	8.57	-.333	42.13	298.805	344.991	999.59	.0052	7.709	-6.62	187.448	-26.844
189.35	-.14224	-5.53	8.69	-.333	36.19	298.808	344.974	1000.26	.0052	7.818	-6.706	187.438	-26.842
189.35	-.14224	-5.61	8.8	-.333	30.24	298.81	345.132	1000.94	.0052	7.916	-6.801	187.438	-26.842
189.35	-.14224	-5.68	8.85	-.333	39.17	298.806	345.048	999.928	.0052	7.955	-6.877	187.438	-26.842
189.34	-.14224	-5.73	8.84	-.333	25.76	298.816	345.772	1001.449	.0052	7.938	-6.925	187.428	-26.841
189.34	-.14224	-5.76	8.82	-.333	12.34	298.827	346.505	1002.97	.0052	7.914	-6.952	187.428	-26.841
90.06	.10838	7.49	34.22	-1.73	687.25	301.568	346.243	921.8	.0053	33.209	11.148	89.532	9.742
90.07	.10873	7.16	34.09	-1.72	680.48	301.552	346.253	922.52	.0053	33.112	10.817	89.538	9.774
90.07	.10891	6.75	33.99	-1.71	673.74	301.527	346.247	923.23	.0053	33.055	10.405	89.536	9.79
90.08	.10926	5.33	34.07	-1.7	660.62	301.479	346.243	924.62	.0053	33.286	9.013	89.543	9.823
90.09	.10943	6.32	34.31	-1.68	654	301.455	346.216	925.32	.0053	33.415	10.029	89.551	9.839
90.09	.10961	6.11	34.75	-1.67	647.16	301.428	346.168	926.05	.0053	33.873	9.875	89.549	9.855
90.09	.10978	5.95	35.33	-1.65	640.08	301.399	346.095	926.8	.0053	34.465	9.785	89.548	9.87
90.1	.10996	5.927	35.9	-1.63	632.77	301.377	346.042	927.58	.0053	35.033	9.831	89.556	9.887
90.1	.11013	6.077	36.38	-1.6	625.27	301.354	345.973	928.38	.0053	35.492	10.039	89.554	9.903
90.1	.1103	.503	36.71	-1.58	617.62	301.33	345.898	929.19	.0053	36.432	4.541	89.552	9.918
90.1	.11065	-5.07	36.8	-1.55	609.89	301.315	345.864	930.02	.0053	37.135	-.975	89.549	9.949
90.1	.11083	-5.35	36.68	-1.52	602.17	301.29	345.808	930.84	.0053	37.047	-1.26	89.547	9.965
90.13	.11397	6.54	28.62	-1.22	476.7	300.512	345.799	944.31	.0053	27.691	9.752	89.545	10.25
90.14	.11432	6.44	28.86	-1.21	463.75	300.375	345.808	945.71	.0053	27.937	9.69	89.552	10.282
90.15	.11449	6.24	29.22	-1.2	457.17	300.321	345.781	946.42	.0053	28.316	9.537	89.56	10.299
90.15	.11467	5.99	29.76	-1.2	450.62	300.277	345.728	947.13	.0053	28.879	9.356	89.558	10.315
90.16	.11484	5.71	30.5	-1.2	444.22	300.234	345.64	947.82	.0053	29.645	9.167	89.566	10.331
90.16	.11502	5.43	31.47	-1.2	437.95	300.202	345.603	948.51	.0053	30.639	9.006	89.564	10.347
90.51	.11676	-9.13	43.12	-1.1	314.16	299.72	344.915	962.01	.0053	43.89	-4.045	89.894	10.544
90.51	.11711	.143	35.302	-1.09	307.63	299.686	344.907	962.73	.0053	35.043	4.267	89.89	10.575
90.5	.11729	-1.248	36.475	-1.07	301.2	299.653	344.952	963.44	.0053	36.37	3.029	89.878	10.59
90.5	.11746	-2.987	37.941	-1.06	294.9	299.612	345.022	964.13	.0053	38.03	1.48	89.876	10.606
90.49	.11764	-3.305	38.21	-1.06	288.71	299.562	345.128	964.81	.0053	38.334	1.203	89.865	10.621
90.49	.11781	-1.849	36.982	-1.05	282.57	299.502	345.239	965.49	.0053	36.943	2.511	89.863	10.636
90.48	.11798	-2.347	37.402	-1.06	276.43	299.442	345.379	966.16	.0053	37.418	2.072	89.851	10.65
90.47	.11816	-2.622	37.633	-1.0575	270.23	299.381	345.522	966.85	.0053	37.68	1.833	89.839	10.665
90.46	.11833	-2.531	37.557	-1.0569	263.93	299.32	345.636	967.54	.0053	37.593	1.92	89.827	10.679
90.42	.11868	-26.48	20.6	-1.057	244.3	299.139	345.606	969.71	.0053	23.59	-23.855	89.784	10.706
90.41	.11886	-25.99	21.11	-1.0569	237.69	299.094	345.524	970.44	.0053	24.043	-23.303	89.772	10.721
90.4	.11903	-25.3	21.83	-1.0569	231.07	299.05	345.459	971.17	.0053	24.68	-22.529	89.76	10.735
90.39	.11921	-24.53	22.62	-1.0571	224.43	299.005	345.432	971.91	.0053	25.377	-21.666	89.748	10.75
90.38	.11921	-23.82	23.32	-1.057	217.68	298.97	345.439	972.66	.0053	25.987	-20.878	89.739	10.749
90.37	.11938	-23.3	23.79	-1.057	210.74	298.942	345.455	973.43	.0053	26.396	-20.301	89.727	10.763
90.36	.11956	-23.01	23.99	-1.057	203.64	298.924	345.482	974.21	.0053	26.563	-19.984	89.715	10.778
90.35	.11973	-22.87	24.01	-1.057	196.56	298.905	345.514	975	.0053	26.57	-19.838	89.703	10.792
90.34	.1199	-22.85	23.87	-1.057	189.59	298.888	345.566	975.77	.0053	26.432	-19.831	89.691	10.806
90.33	.12008	-22.91	23.59	-1.057	182.72	298.871	345.657	976.54	.0053	26.165	-19.919	89.68	10.821
90.32	.12025	-23.04	23.21	-1.057	175.91	298.865	345.832	977.3	.0053	25.806	-20.089	89.668	10.835
90.31	.12025	-23.16	22.79	-1.057	169.15	298.85	345.98	978.05	.0053	25.404	-20.259	89.658	10.834
90.3	.12043	-23.25	22.4	-1.057	162.46	298.836	346.084	978.79	.0053	25.031	-20.39	89.646	10.849
90.29	.1206	-23.33	22.06	-1.057	155.83	298.832	346.177	979.53	.0053	24.707	-20.507	89.634	10.863
90.27	.12078	-23.5	21.53	-1.057	142.65	298.804	346.207	981	.0053	24.205	-20.735	89.612	10.876
90.26	.12095	-23.6	21.34	-1.057	136.06	298.79	346.258	981.74	.0053	24.032	-20.853	89.601	10.89
90.24	.12113	-23.68	21.16	-1.057	129.47	298.787	346.435	982.47	.0053	23.866	-20.95	89.579	10.904
90.23	.1213	-23.7	20.99	-1.057	122.87	298.783	346.682	983.21	.0053	23.704	-20.986	89.567	10.918
90.22	.12147	-23.64	20.83	-1.057	116.27	298.779	346.9	983.95	.0053	23.541	-20.942	89.555	10.932
90.21	.12147	-23.44	20.68	-1.057	109.68	298.775	347.007	984.69	.0053	23.368	-20.761	89.545	10.931
90.2	.12165	-23.13	20.54	-1.057	103.1	298.772	347.015	985.42	.0053	23.195	-20.467	89.533	10.946
90.19	.12182	-22.75	20.38	-1.057	96.46	298.767	346.93	986.17	.0053	22.994	-20.105	89.522	10.96
90.18	.12182	-22.32	20.18	-1.057	89.65	298.751	346.76	986.93	.0053	22.743	-19.702	89.512	10.959
90.16	.12217	-21.4	19.62	-1.057	75.58	298.725	346.562	988.51	.0053	22.082	-18.849	89.488	10.987
90.15	.12235	-20.95	19.25	-1.057	68.53	298.707	346.541	989.3	.0053	21.663	-18.444	89.476	11.002
90.15	.12235	-20.56	18.89	-1.057	61.54	298.689	346.555	990.09	.0053	21.258	-18.101	89.476	11.002
90.14	.12252	-20.15	18.48	-1.057	54.65	298.683	346.638	990.86	.0053	20.804	-17.74	89.464	11.016
90.13	.1227	-19.88	18.13	-1.057	47.88	298.668	346.675	991.62	.0053	20.427	-17.512	89.452	11.031
90.12	.1227	-19.83	17.92	-1.057	41.19	298.663	346.731	992.37	.0053	20.212	-17.488	89.442	11.03
90.11	.12287	-19.92	17.87	-1.057	34.56	298.669	346.81	993.12	.0053	20.177	-17.58	89.431	11.044
90.1	.12305	-20.03	17.89	-1.057	27.89	298.675	346.895	993.87	.0053	20.213	-17.683	89.419	11.059
90.09	.12305	-20.04	17.89	-1.057	21.1	298.689	347.019	994.64	.0053	20.214	-17.693	89.409	11.058
90.08	.12322	-19.91	17.82	-1.057	14.22	298.703	347.143	995.41	.0053	20.132	-17.569	89.397	11.072
90.07	.12339	-19.91	17.92	-1.057	7.11	298.679	347.161	996.215	.0053	20.234	-17.553	89.385	11.086
202.16	1.5125	-22.65	7.25	NaN	1288.39	304.086	NaN	866.48	.0057	23.034	5.918	11.779	201.817
202.16	1.5125	-22.62	7.19	NaN	1281.44	304.037	NaN	867.18	.0057	23	5.86	11.779	201.817
202.17	1.5125	-22.58	7.11	NaN	1274.53	303.998	NaN	867.88	.0057	22.956	5.782	11.779	201.827
202.17	1.5125	-22.54	7.03	NaN	1267.62	303.96	NaN	868.57	.0057	22.911	5.705	11.779	201.827
202.17	1.51268	-22.51	6.95	NaN	1260.73	303.932	NaN	869.27	.0057	22.876	5.631	11.743	201.829
202.18	1.51268	-22.49	6.88	NaN	1253.85	303.915	NaN	869.96	.0057	22.852	5.562	11.743	201.839
202.18	1.51268	-22.5	6.82	NaN	1247.01	303.887	NaN	870.65	.0057	22.858	5.502	11.743	201.839
202.18	1.51285	-22.53	6.77	NaN	1240.22	303.871	NaN	871.34	.0057	22.884	5.454	11.709	201.841
202.18	1.51285	-22.58	6.75	NaN	1233.45	303.845	NaN	872.02	.0057	22.933	5.431	11.709	201.841
202.19	1.51285	-22.65	6.76	NaN	1226.67	303.807	341.042	872.71	.0057	23.003	5.437	11.71	201.851
202.19	1.51303	-22.75	6.8	NaN	1219.88	303.78	341.027	873.4	.0057	23.105	5.475	11.673	201.853
202.19	1.51303	-22.85	6.88	NaN	1213.08	303.753	340.997	874.09	.0057	23.209	5.549	11.673	201.853
202.2	1.51303	-22.95	6.99	NaN	1206.28	303.726	340.928	874.78	.0057	23.315	5.653	11.674	201.863
202.2	1.5132	-23.05	7.13	NaN	1199.42	303.709	340.851	875.47	.0057	23.422	5.791	11.64	201.865
202.2	1.5132	-23.13	7.28	NaN	1192.51	303.692	340.748	876.17	.0057	23.511	5.936	11.64	201.865
202.2	1.5132	-23.18	7.44	NaN	1185.59	303.684	340.702	876.88	.0057	23.57	6.093	11.64	201.865
202.21	1.51337	-23.22	7.59	NaN	1178.73	303.668	340.682	877.57	.0057	23.617	6.245	11.606	201.877
202.21	1.51337	-23.24	7.71	NaN	1171.95	303.651	340.691	878.26	.0057	23.644	6.363	11.606	201.877
202.21	1.51337	-23.24	7.8	NaN	1165.24	303.636	340.716	878.94	.0057	23.649	6.453	11.606	201.877
202.22	1.51355	-23.22	7.84	NaN	1158.58	303.621	340.747	879.62	.0057	23.631	6.499	11.57	201.889
202.22	1.51355	-23.18	7.86	NaN	1151.88	303.594	340.745	880.31	.0057	23.592	6.521	11.57	201.889
202.23	1.51372	-23.09	7.81	NaN	1138.25	303.551	340.766	881.7	.0057	23.498	6.48	11.536	201.901
202.23	1.51372	-23.05	7.76	NaN	1131.32	303.523	340.734	882.4	.0057	23.455	6.432	11.536	201.901
202.23	1.51372	-23.01	7.71	NaN	1124.34	303.504	340.708	883.12	.0057	23.412	6.385	11.536	201.901
202.24	1.5139	-22.98	7.65	NaN	1117.33	303.486	340.675	883.83	.0057	23.378	6.331	11.501	201.913
202.24	1.5139	-22.95	7.59	NaN	1110.31	303.468	340.634	884.55	.0057	23.344	6.273	11.501	201.913
202.24	1.5139	-22.94	7.54	NaN	1103.29	303.449	340.598	885.27	.0057	23.332	6.223	11.501	201.913
202.25	1.51407	-22.93	7.49	NaN	1096.25	303.42	340.522	885.99	.0057	23.318	6.178	11.467	201.925
202.25	1.51407	-22.92	7.46	NaN	1089.19	303.401	340.485	886.71	.0057	23.306	6.149	11.467	201.925
202.25	1.51407	-22.92	7.45	NaN	1082.08	303.381	340.472	887.44	.0057	23.306	6.139	11.467	201.925
202.25	1.51425	-22.92	7.45	NaN	1074.93	303.351	340.449	888.17	.0057	23.304	6.143	11.43	201.927
202.26	1.51425	-22.92	7.49	NaN	1060.55	303.31	340.501	889.65	.0057	23.307	6.183	11.431	201.937
202.26	1.51442	-22.93	7.52	NaN	1053.45	303.291	340.518	890.38	.0057	23.317	6.216	11.397	201.939
202.27	1.51442	-22.93	7.55	NaN	1046.42	303.273	340.527	891.1	.0057	23.319	6.246	11.397	201.949
202.27	1.51442	-22.94	7.57	NaN	1039.41	303.253	340.513	891.83	.0057	23.33	6.265	11.397	201.949
202.27	1.5146	-22.94	7.58	NaN	1032.39	303.225	340.476	892.55	.0057	23.33	6.28	11.361	201.951
202.28	1.5146	-22.94	7.57	NaN	1025.36	303.196	340.47	893.27	.0057	23.329	6.27	11.361	201.961
202.28	1.5146	-22.94	7.54	NaN	1018.31	303.167	340.503	894	.0057	23.327	6.24	11.361	201.961
202.28	1.51477	-22.92	7.49	NaN	1011.29	303.127	340.532	894.73	.0057	23.303	6.195	11.327	201.963
202.29	1.51477	-22.9	7.43	NaN	1004.31	303.078	340.553	895.45	.0057	23.28	6.136	11.328	201.973
202.29	1.51477	-22.88	7.35	NaN	997.37	303.04	340.626	896.16	.0057	23.256	6.057	11.328	201.973
202.29	1.51495	-22.86	7.28	NaN	990.38	302.99	340.662	896.89	.0057	23.231	5.993	11.291	201.975
202.3	1.51495	-22.84	7.21	NaN	983.32	302.94	340.687	897.62	.0057	23.207	5.924	11.292	201.985
202.3	1.51495	-22.83	7.17	NaN	976.18	302.879	340.67	898.36	.0057	23.195	5.885	11.292	201.985
202.3	1.51512	-22.84	7.14	NaN	968.94	302.828	340.692	899.11	.0057	23.202	5.858	11.258	201.987
202.3	1.51512	-22.87	7.14	NaN	961.61	302.775	340.738	899.87	.0057	23.232	5.856	11.258	201.987
202.31	1.51512	-22.91	7.15	NaN	954.2	302.722	340.814	900.64	.0057	23.272	5.864	11.258	201.997
202.31	1.51529	-22.97	7.16	-1.67	946.76	302.679	340.941	901.41	.0057	23.332	5.875	11.224	201.998
202.31	1.51529	-23.04	7.18	-1.67	939.34	302.636	341.058	902.18	.0057	23.403	5.891	11.224	201.998
202.32	1.51529	-23.11	7.19	-1.68	931.97	302.603	341.176	902.95	.0057	23.473	5.897	11.224	202.008
202.32	1.51547	-23.18	7.2	-1.69	924.65	302.561	341.223	903.71	.0057	23.543	5.907	11.188	202.01
202.32	1.51547	-23.24	7.2	-1.69	917.4	302.531	341.262	904.46	.0057	23.603	5.904	11.188	202.01
202.32	1.51547	-23.29	7.21	-1.7	910.22	302.5	341.243	905.21	.0057	23.653	5.911	11.188	202.01
202.33	1.51564	-23.33	7.21	-1.7	903.13	302.46	341.113	905.95	.0057	23.692	5.913	11.154	202.022
202.33	1.51564	-23.34	7.22	-1.72	896.09	302.431	340.967	906.69	.0057	23.703	5.922	11.154	202.022
202.33	1.51564	-23.33	7.23	-1.73	889.1	302.392	340.781	907.42	.0057	23.693	5.933	11.154	202.022
202.34	1.51582	-23.3	7.26	-1.74	882.14	302.364	340.661	908.15	.0057	23.664	5.969	11.118	202.034
202.34	1.51582	-23.23	7.29	-1.76	875.19	302.326	340.565	908.87	.0057	23.595	6.003	11.118	202.034
202.21	1.51407	-23.14	7.33	-1.78	868.18	302.276	340.497	909.61	.0057	23.518	6.006	11.464	201.885
202.21	1.51425	-23.02	7.4	-1.8	861.02	302.226	340.49	910.36	.0057	23.401	6.087	11.428	201.887
202.21	1.51425	-22.88	7.49	-1.81	853.67	302.173	340.527	911.13	.0057	23.267	6.185	11.428	201.887
202.22	1.51425	-22.73	7.62	-1.82	846.18	302.12	340.579	911.91	.0057	23.124	6.323	11.429	201.897
202.22	1.51442	-22.59	7.78	-1.84	838.61	302.075	340.653	912.71	.0057	22.992	6.495	11.394	201.899
202.22	1.51442	-22.45	7.97	-1.84	831.04	302.031	340.697	913.5	.0057	22.863	6.692	11.394	201.899
202.23	1.51442	-22.35	8.18	-1.85	823.52	301.996	340.708	914.3	.0057	22.775	6.908	11.395	201.909
202.23	1.5146	-22.26	8.39	-1.86	816.04	301.964	340.655	915.08	.0057	22.696	7.126	11.359	201.911
202.24	1.5146	-22.16	8.8	-1.87	801.2	301.908	340.361	916.65	.0057	22.619	7.541	11.359	201.921
202.24	1.51477	-22.13	8.98	-1.87	793.93	301.888	340.204	917.41	.0057	22.598	7.727	11.325	201.923
202.25	1.51477	-22.1	9.13	-1.87	786.8	301.858	340.022	918.16	.0057	22.577	7.878	11.325	201.933
202.25	1.51477	-22.07	9.26	-1.87	779.75	301.839	339.886	918.91	.0057	22.554	8.01	11.325	201.933
202.25	1.51495	-22.03	9.36	-1.87	772.68	301.81	339.73	919.66	.0057	22.518	8.116	11.289	201.935
202.26	1.51495	-21.98	9.43	-1.87	765.51	301.769	339.542	920.42	.0057	22.472	8.188	11.29	201.945
202.26	1.51495	-21.93	9.48	-1.87	758.16	301.728	339.368	921.19	.0057	22.425	8.241	11.29	201.945
202.27	1.51512	-21.89	9.51	-1.88	750.74	301.664	339.19	921.98	.0057	22.385	8.277	11.256	201.957
202.27	1.51512	-21.85	9.51	-1.89	743.44	301.592	339.159	922.75	.0057	22.345	8.279	11.256	201.957
202.28	1.51529	-21.82	9.41	-1.9	729.28	301.451	339.799	924.26	.0057	22.308	8.185	11.222	201.968
202.28	1.51529	-21.83	9.3	-1.9	722.28	301.372	340.374	925	.0057	22.312	8.075	11.222	201.968
202.29	1.51529	-21.85	9.14	-1.91	715.27	301.292	340.994	925.75	.0057	22.323	7.914	11.223	201.978
202.29	1.51529	-21.89	8.93	-1.92	708.21	301.212	341.486	926.5	.0057	22.352	7.702	11.223	201.978
202.29	1.51547	-21.94	8.68	-1.92	701.13	301.142	341.772	927.25	.0057	22.386	7.453	11.186	201.98
202.3	1.51547	-22	8.41	-1.93	694.02	301.082	341.924	928.01	.0057	22.431	7.181	11.187	201.99
202.3	1.51547	-22.08	8.15	-1.94	686.9	301.022	341.992	928.77	.0057	22.497	6.917	11.187	201.99
202.3	1.51564	-22.16	7.91	-1.95	679.79	300.962	342.013	929.53	.0057	22.562	6.676	11.152	201.992
202.31	1.51564	-22.23	7.7	-1.95	672.7	300.913	342.047	930.28	.0057	22.621	6.463	11.153	202.002
202.31	1.51564	-22.3	7.55	-1.96	665.61	300.863	342.064	931.04	.0057	22.682	6.309	11.153	202.002
202.31	1.51582	-22.34	7.45	-1.96	658.55	300.803	342.074	931.8	.0057	22.716	6.211	11.117	202.004
202.32	1.51582	-22.37	7.39	-1.97	651.52	300.744	342.155	932.55	.0057	22.742	6.15	11.117	202.014
202.32	1.51582	-22.37	7.37	-1.97	644.57	300.696	342.317	933.29	.0057	22.741	6.13	11.117	202.014
202.32	1.51599	-22.35	7.37	-1.97	637.71	300.628	342.425	934.03	.0057	22.72	6.135	11.083	202.016
202.33	1.51599	-22.31	7.37	-1.98	630.92	300.571	342.556	934.76	.0057	22.68	6.137	11.083	202.026
202.33	1.51599	-22.25	7.38	-1.99	624.13	300.514	342.655	935.49	.0057	22.621	6.15	11.083	202.026
202.33	1.51617	-22.16	7.38	-2.01	617.18	300.457	342.717	936.23	.0057	22.53	6.159	11.047	202.028
202.34	1.51617	-22.06	7.37	-2.02	610.03	300.406	342.79	937	.0057	22.429	6.155	11.048	202.038
202.34	1.51617	-21.93	7.33	-2.04	602.82	300.345	342.851	937.78	.0057	22.298	6.122	11.048	202.038
202.34	1.51634	-21.8	7.28	-2.06	595.67	300.295	342.999	938.55	.0057	22.164	6.083	11.013	202.04
202.34	1.51634	-21.67	7.23	-2.08	588.49	300.245	343.195	939.32	.0057	22.031	6.04	11.013	202.04
202.35	1.51634	-21.55	7.17	-2.1	581.19	300.193	343.43	940.11	.0057	21.908	5.986	11.014	202.05
202.35	1.51652	-21.45	7.1	-2.12	573.84	300.141	343.671	940.9	.0057	21.804	5.926	10.977	202.052
202.35	1.51652	-21.37	7.05	-2.13	566.57	300.09	343.843	941.69	.0057	21.721	5.88	10.977	202.052
202.36	1.51652	-21.31	7	-2.13	559.42	300.06	344.003	942.46	.0057	21.658	5.834	10.978	202.062
202.36	1.51652	-21.28	6.95	-2.13	552.29	300.021	344.06	943.23	.0057	21.626	5.785	10.978	202.062
202.37	1.51669	-21.3	6.92	-2.12	537.94	299.961	344.13	944.78	.0057	21.643	5.758	10.944	202.074
202.37	1.51669	-21.34	6.94	-2.12	530.74	299.931	344.151	945.56	.0057	21.684	5.776	10.944	202.074
202.37	1.51687	-21.4	6.99	-2.11	523.56	299.891	344.133	946.34	.0057	21.746	5.826	10.908	202.076
202.37	1.51687	-21.46	7.06	-2.12	516.46	299.862	344.15	947.11	.0057	21.809	5.893	10.908	202.076
202.38	1.51687	-21.53	7.16	-2.12	509.47	299.834	344.159	947.87	.0057	21.885	5.989	10.908	202.086
202.38	1.51704	-21.59	7.28	-2.13	502.61	299.807	344.158	948.62	.0057	21.95	6.109	10.874	202.088
202.38	1.51704	-21.64	7.41	-2.13	495.84	299.771	344.116	949.35	.0057	22.007	6.237	10.874	202.088
202.39	1.51704	-21.68	7.55	-2.14	488.99	299.744	344.104	950.1	.0057	22.054	6.374	10.875	202.098
202.39	1.51721	-21.69	7.7	-2.14	481.97	299.716	344.075	950.86	.0057	22.071	6.527	10.84	202.099
202.39	1.51721	-21.69	7.83	-2.14	474.82	299.697	344.067	951.64	.0057	22.078	6.657	10.84	202.099
202.4	1.51721	-21.68	7.94	-2.14	467.63	299.667	344.008	952.42	.0057	22.074	6.767	10.841	202.109
202.4	1.51721	-21.66	8.04	-2.14	460.45	299.647	343.986	953.21	.0057	22.06	6.868	10.841	202.109
202.4	1.51739	-21.64	8.11	-2.15	453.37	299.618	343.95	953.98	.0057	22.042	6.943	10.804	202.111
202.41	1.51739	-21.62	8.16	-2.15	446.36	299.59	343.986	954.74	.0057	22.025	6.994	10.805	202.121
202.41	1.51739	-21.61	8.19	-2.15	439.33	299.562	344.124	955.51	.0057	22.016	7.025	10.805	202.121
202.41	1.51756	-21.62	8.2	-2.16	432.25	299.512	344.246	956.29	.0057	22.026	7.038	10.77	202.123
202.42	1.51756	-21.64	8.19	-2.17	425.17	299.453	344.358	957.06	.0057	22.045	7.027	10.771	202.133
202.42	1.51756	-21.67	8.17	-2.17	418.11	299.395	344.469	957.83	.0057	22.074	7.005	10.771	202.133
202.42	1.51774	-21.72	8.15	-2.17	410.99	299.325	344.533	958.61	.0057	22.122	6.987	10.735	202.135
202.43	1.51774	-21.78	8.14	-2.18	403.74	299.254	344.573	959.41	.0057	22.181	6.974	10.735	202.145
202.43	1.51774	-21.85	8.13	-2.18	396.38	299.192	344.634	960.22	.0057	22.25	6.96	10.735	202.145
202.43	1.51791	-21.91	8.13	-2.18	389.01	299.13	344.674	961.03	.0057	22.309	6.96	10.701	202.147
202.44	1.51791	-21.97	8.14	-2.18	381.64	299.068	344.693	961.84	.0057	22.37	6.967	10.701	202.157
202.44	1.51791	-22.01	8.15	-2.18	374.29	299.016	344.713	962.65	.0057	22.41	6.975	10.701	202.157
202.45	1.51809	-22.05	8.17	-2.18	366.95	298.964	344.691	963.46	.0057	22.45	6.997	10.665	202.169
202.45	1.51809	-22.07	8.2	-2.18	359.6	298.924	344.678	964.26	.0057	22.471	7.026	10.665	202.169
202.45	1.51809	-22.08	8.24	-2.17	352.24	298.881	344.646	965.08	.0057	22.483	7.065	10.665	202.169
202.46	1.51809	-22.08	8.28	-2.16	344.84	298.85	344.655	965.89	.0057	22.486	7.105	10.666	202.179
202.46	1.51826	-22.07	8.31	-2.14	337.39	298.817	344.668	966.72	.0057	22.476	7.14	10.632	202.181
202.46	1.51826	-22.06	8.33	-2.13	329.89	298.785	344.682	967.54	.0057	22.467	7.16	10.632	202.181
202.47	1.51826	-22.05	8.33	-2.11	322.38	298.751	344.704	968.38	.0057	22.457	7.161	10.632	202.191
202.47	1.51844	-22.04	8.31	-2.09	314.84	298.719	344.716	969.21	.0057	22.445	7.145	10.596	202.193
202.47	1.51844	-22.01	8.26	-2.08	307.27	298.695	344.763	970.05	.0057	22.412	7.097	10.596	202.193
202.48	1.51844	-21.98	8.2	-2.06	299.65	298.662	344.758	970.89	.0057	22.379	7.038	10.596	202.203
202.48	1.51861	-21.93	8.12	-2.05	292	298.637	344.781	971.74	.0057	22.324	6.965	10.562	202.204
202.48	1.51861	-21.88	8.03	-2.03	284.37	298.613	344.798	972.59	.0057	22.269	6.878	10.562	202.204
202.49	1.51879	-21.74	7.86	-2.0487	269.32	298.567	344.872	974.26	.0057	22.119	6.719	10.526	202.216
202.49	1.51879	-21.68	7.76	-2.0459	261.99	298.537	344.888	975.07	.0057	22.054	6.623	10.526	202.216
202.5	1.51879	-21.63	7.67	-2.0449	254.78	298.506	344.91	975.88	.0057	21.999	6.535	10.527	202.226
202.5	1.51896	-21.59	7.56	-2.0487	247.68	298.477	344.93	976.67	.0057	21.953	6.431	10.492	202.228
202.5	1.51896	-21.57	7.44	-2.0471	240.59	298.449	344.944	977.46	.0057	21.927	6.312	10.492	202.228
202.51	1.51896	-21.55	7.31	-2.0466	233.47	298.42	344.959	978.25	.0057	21.9	6.184	10.493	202.238
202.51	1.51913	-21.56	7.17	-2.0468	226.24	298.4	345.033	979.06	.0057	21.902	6.047	10.458	202.24
202.51	1.51913	-21.57	7.04	-2.0473	218.87	298.369	345.088	979.88	.0057	21.905	5.917	10.458	202.24
202.52	1.51913	-21.59	6.93	-2.047	211.47	298.347	345.16	980.71	.0057	21.919	5.806	10.459	202.25
202.52	1.51913	-21.61	6.85	-2.0469	204.22	298.316	345.15	981.52	.0057	21.935	5.725	10.459	202.25
202.52	1.51931	-21.62	6.8	-2.047	197.14	298.278	345.067	982.31	.0057	21.941	5.678	10.422	202.252
202.53	1.51931	-21.62	6.78	-2.047	182.89	298.189	344.892	983.91	.0057	21.94	5.658	10.423	202.262
202.53	1.51948	-21.6	6.8	-2.047	175.7	298.15	344.87	984.71	.0057	21.92	5.683	10.389	202.263
202.53	1.51948	-21.59	6.84	-2.047	168.52	298.1	344.823	985.52	.0057	21.912	5.724	10.389	202.263
202.54	1.51966	-21.52	6.89	-2.047	154.37	298.003	344.806	987.11	.0057	21.844	5.781	10.353	202.275
202.54	1.51966	-21.46	6.87	-2.047	147.34	297.955	344.836	987.9	.0057	21.783	5.764	10.353	202.275
202.55	1.51966	-21.37	6.83	-2.047	140.26	297.897	344.836	988.69	.0057	21.691	5.729	10.353	202.285
202.55	1.51983	-21.24	6.73	-2.047	133.11	297.847	344.903	989.5	.0057	21.555	5.639	10.319	202.287
202.55	1.51983	-21.06	6.61	-2.047	125.97	297.789	345.066	990.3	.0057	21.369	5.529	10.319	202.287
202.56	1.51983	-20.56	6.28	-2.047	111.85	297.671	346.202	991.9	.0057	20.853	5.224	10.319	202.297
202.56	1.52001	-20.22	6.1	-2.047	104.8	297.614	346.964	992.69	.0057	20.504	5.066	10.283	202.299
202.56	1.52001	-19.84	5.93	-2.047	97.78	297.535	347.501	993.49	.0057	20.115	4.915	10.283	202.299
202.56	1.52001	-19.44	5.77	-2.047	90.83	297.468	347.936	994.27	.0057	19.708	4.776	10.283	202.299
202.57	1.52018	-19.05	5.62	-2.047	83.94	297.402	348.292	995.05	.0057	19.31	4.649	10.249	202.311
202.57	1.52018	-18.67	5.49	-2.047	77.09	297.345	348.628	995.83	.0057	18.924	4.538	10.249	202.311
202.57	1.52018	-18.34	5.37	-2.047	70.31	297.299	348.954	996.6	.0057	18.588	4.435	10.249	202.311
202.57	1.52018	-18.07	5.28	-2.047	63.72	297.266	349.256	997.34	.0057	18.314	4.359	10.249	202.311
202.57	1.52036	-17.83	5.2	-2.047	57.39	297.235	349.481	998.06	.0057	18.069	4.294	10.213	202.312
202.58	1.52036	-17.63	5.12	-2.047	51.24	297.195	349.574	998.76	.0057	17.866	4.225	10.213	202.322
202.58	1.52036	-17.49	5.07	-2.047	45.19	297.177	349.668	999.45	.0057	17.723	4.182	10.213	202.322
202.58	1.52036	-17.36	5.03	-2.047	39.14	297.149	349.66	1000.13	.0057	17.592	4.148	10.213	202.322
202.58	1.52053	-17.22	5.03	-2.047	33.02	297.13	349.672	1000.83	.0057	17.451	4.158	10.179	202.324
202.59	1.52053	-17.09	5.09	-2.047	26.79	297.099	349.712	1001.54	.0057	17.324	4.225	10.179	202.334
202.59	1.52053	-17	5.24	-2.047	20.41	297.088	350.019	1002.26	.0057	17.242	4.379	10.179	202.334
202.45	1.51879	-16.98	5.44	-2.047	13.83	297.065	350.469	1003.01	.0057	17.24	4.55	10.524	202.176
202.46	1.51896	-16.98	5.64	-2.047	7.12	297.049	351.062	1003.78	.0057	17.249	4.753	10.49	202.188
212.35	.66043	-16.62	23.55	NaN	1004.89	303.441	350.46	897.24	.0056	28.794	1.322	167.699	130.267
212.35	.66043	-16.54	23.59	NaN	998.01	303.434	350.397	897.95	.0056	28.776	1.409	167.699	130.267
212.35	.66061	-16.46	23.63	NaN	991.07	303.427	350.397	898.67	.0056	28.759	1.502	167.675	130.298
212.35	.66061	-16.39	23.63	NaN	984.16	303.41	350.47	899.38	.0056	28.716	1.557	167.675	130.298
212.35	.66061	-16.33	23.58	-1.3	977.31	303.393	350.658	900.09	.0056	28.639	1.574	167.675	130.298
212.35	.66078	-16.28	23.49	-1.28	970.45	303.366	350.898	900.8	.0056	28.537	1.563	167.653	130.326
212.35	.66078	-16.24	23.36	-1.25	963.54	303.338	351.202	901.52	.0056	28.41	1.515	167.653	130.326
212.35	.66096	-16.2	23.21	-1.22	956.64	303.3	351.445	902.23	.0056	28.267	1.46	167.63	130.356
212.35	.66096	-16.16	22.89	-1.17	943.17	303.228	351.672	903.63	.0056	27.99	1.295	167.63	130.356
212.35	.66113	-16.13	22.76	-1.14	936.61	303.193	351.751	904.31	.0056	27.868	1.243	167.608	130.385
212.36	.66113	-16.11	22.68	-1.12	930.08	303.169	351.884	904.99	.0056	27.793	1.21	167.616	130.391
212.36	.66131	-16.08	22.65	-1.09	923.44	303.135	351.964	905.67	.0056	27.751	1.22	167.592	130.421
212.36	.66131	-16.05	22.65	-1.07	916.64	303.108	352.049	906.38	.0056	27.732	1.244	167.592	130.421
212.36	.66131	-16.01	22.69	-1.06	909.79	303.071	352.057	907.09	.0056	27.739	1.3	167.592	130.421
212.36	.66148	-15.98	22.75	-1.04	903.01	303.045	352.076	907.8	.0056	27.768	1.365	167.57	130.45
212.36	.66148	-15.97	22.81	-1.03	896.26	303.019	352.068	908.5	.0056	27.809	1.41	167.57	130.45
212.36	.66148	-15.97	22.87	-1.02	889.49	302.993	352.042	909.21	.0056	27.856	1.447	167.57	130.45
212.36	.66165	-16.01	22.92	-1.01	882.62	302.976	352.032	909.92	.0056	27.92	1.451	167.548	130.478
212.36	.66165	-16.08	22.97	-.99	875.63	302.958	351.928	910.65	.0056	28.003	1.426	167.548	130.478
212.36	.66183	-16.19	23.03	-.97	868.55	302.95	351.725	911.39	.0056	28.117	1.382	167.524	130.508
212.36	.66183	-16.32	23.09	-.95	861.52	302.941	351.392	912.13	.0056	28.245	1.316	167.524	130.508
212.36	.66183	-16.46	23.14	-.91	854.63	302.944	351.024	912.85	.0056	28.37	1.236	167.524	130.508
212.36	.662	-16.77	23.21	-.84	840.93	302.963	350.441	914.28	.0056	28.616	1.04	167.502	130.537
212.36	.66218	-16.92	23.2	-.81	834.03	302.966	350.404	915	.0056	28.7	.92	167.479	130.567
212.36	.66218	-17.07	23.15	-.79	827.07	302.969	350.571	915.73	.0056	28.753	.771	167.479	130.567
212.36	.66218	-17.23	23.05	-.77	820.1	302.962	350.805	916.46	.0056	28.772	.584	167.479	130.567
212.36	.66235	-17.39	22.91	-.76	813.19	302.944	351.044	917.19	.0056	28.76	.376	167.456	130.595
212.36	.66235	-17.56	22.74	-.76	806.36	302.918	351.198	917.9	.0056	28.731	.138	167.456	130.595
212.36	.66235	-17.74	22.57	-.76	799.58	302.891	351.271	918.62	.0056	28.707	-.109	167.456	130.595
212.36	.66253	-17.93	22.38	-.77	792.83	302.875	351.411	919.33	.0056	28.674	-.37	167.433	130.626
212.36	.66253	-18.12	22.19	-.78	786.16	302.85	351.684	920.03	.0056	28.641	-.637	167.433	130.626
212.36	.6627	-18.29	22	-.8	779.62	302.827	352.137	920.71	.0056	28.596	-.883	167.411	130.654
212.36	.6627	-18.46	21.81	-.81	773.22	302.784	352.55	921.39	.0056	28.551	-1.134	167.411	130.654
212.36	.6627	-18.64	21.62	-.83	766.95	302.753	352.942	922.05	.0056	28.512	-1.393	167.411	130.654
212.36	.66288	-18.82	21.42	-.84	760.77	302.712	353.164	922.7	.0056	28.465	-1.653	167.387	130.684
212.36	.66288	-19.01	21.21	-.85	754.61	302.672	353.241	923.35	.0056	28.417	-1.932	167.387	130.684
212.36	.66305	-19.22	21.01	-.85	748.39	302.641	353.197	924.01	.0056	28.389	-2.215	167.365	130.713
212.36	.66305	-19.45	20.82	-.85	742.05	302.62	353.068	924.67	.0056	28.381	-2.514	167.365	130.713
212.36	.66305	-19.69	20.64	-.85	735.57	302.596	352.846	925.36	.0056	28.386	-2.814	167.365	130.713
212.35	.66323	-19.93	20.48	-.85	729.02	302.573	352.622	926.05	.0056	28.409	-3.096	167.333	130.737
212.35	.66323	-20.16	20.32	-.85	722.49	302.559	352.513	926.74	.0056	28.424	-3.376	167.333	130.737
212.35	.6634	-20.38	20.17	-.84	716.01	302.556	352.499	927.43	.0056	28.442	-3.637	167.311	130.765
212.35	.6634	-20.57	20.01	-.84	709.61	302.545	352.427	928.1	.0056	28.433	-3.885	167.311	130.765
212.35	.6634	-20.74	19.83	-.84	703.24	302.543	352.319	928.78	.0056	28.396	-4.13	167.311	130.765
212.35	.66357	-20.9	19.65	-.85	696.81	302.541	352.128	929.46	.0056	28.353	-4.362	167.289	130.793
212.34	.66357	-21.03	19.46	-.85	690.34	302.538	351.849	930.15	.0056	28.284	-4.581	167.281	130.787
212.34	.66357	-21.16	19.27	-.86	683.89	302.546	351.584	930.83	.0056	28.214	-4.801	167.281	130.787
212.34	.66375	-21.27	19.09	-.87	677.48	302.544	351.303	931.51	.0056	28.141	-4.993	167.258	130.817
212.34	.66375	-21.38	18.93	-.88	671.06	302.542	351.086	932.19	.0056	28.083	-5.178	167.258	130.817
212.33	.66392	-21.56	18.69	-.9	657.97	302.535	350.787	933.59	.0056	28.005	-5.463	167.227	130.84
212.33	.66392	-21.62	18.61	-.91	651.23	302.53	350.814	934.3	.0056	27.979	-5.56	167.227	130.84
212.32	.6641	-21.65	18.56	-.91	644.38	302.524	351.118	935.03	.0056	27.959	-5.609	167.196	130.864
212.32	.6641	-21.65	18.5	-.92	637.46	302.506	351.652	935.77	.0056	27.912	-5.646	167.196	130.864
212.32	.66427	-21.62	18.43	-.92	630.53	302.489	352.348	936.51	.0056	27.84	-5.661	167.174	130.892
212.32	.66427	-21.55	18.35	-.93	623.66	302.462	353.042	937.24	.0056	27.733	-5.655	167.174	130.892
212.31	.66427	-21.46	18.22	-.93	616.9	302.437	353.632	937.96	.0056	27.576	-5.665	167.166	130.886
212.31	.66445	-21.35	18.04	-.93	610.27	302.412	354.225	938.67	.0056	27.367	-5.684	167.142	130.916
212.31	.66445	-21.23	17.79	-.94	603.8	302.389	354.602	939.36	.0056	27.096	-5.744	167.142	130.916
212.3	.66445	-21.1	17.48	-.94	597.54	302.379	354.887	940.03	.0056	26.772	-5.832	167.134	130.91
212.3	.66462	-21	17.1	-.95	591.52	302.371	355.054	940.67	.0056	26.412	-5.984	167.112	130.938
212.3	.66462	-20.92	16.61	-.96	585.67	302.364	355.148	941.3	.0056	25.977	-6.223	167.112	130.938
212.29	.66462	-20.88	16.05	-.97	579.86	302.358	355.207	941.92	.0056	25.512	-6.537	167.104	130.932
212.29	.6648	-20.88	15.46	-.98	574.01	302.351	355.339	942.55	.0056	25.049	-6.896	167.081	130.962
212.29	.6648	-20.92	14.87	-.99	568.04	302.343	355.659	943.19	.0056	24.609	-7.292	167.081	130.962
212.28	.6648	-21	14.33	-.99	561.9	302.323	356.1	943.85	.0056	24.233	-7.688	167.073	130.956
212.28	.66497	-21.09	13.84	-.99	555.54	302.312	356.543	944.53	.0056	23.904	-8.057	167.051	130.984
212.28	.66497	-21.16	13.46	-.99	548.97	302.298	356.755	945.23	.0056	23.649	-8.346	167.051	130.984
212.27	.66497	-21.22	13.16	-.99	542.25	302.283	356.794	945.95	.0056	23.45	-8.579	167.043	130.978
212.27	.66514	-21.25	12.95	-.99	535.46	302.268	356.799	946.68	.0056	23.304	-8.728	167.02	131.007
212.26	.66514	-21.27	12.83	-.99	528.56	302.251	356.84	947.42	.0056	23.222	-8.818	167.013	131
212.26	.66514	-21.27	12.78	-1	521.51	302.232	356.929	948.18	.0056	23.183	-8.848	167.013	131
212.25	.66532	-21.26	12.78	-1.01	514.34	302.223	357.083	948.95	.0056	23.178	-8.836	166.981	131.024
212.24	.66532	-21.19	12.88	-1.04	500.2	302.207	356.962	950.47	.0056	23.214	-8.72	166.973	131.018
212.24	.66549	-21.11	12.97	-1.05	493.36	302.21	356.591	951.21	.0056	23.237	-8.597	166.951	131.046
212.24	.66549	-21.01	13.07	-1.06	486.68	302.216	356.072	951.93	.0056	23.254	-8.457	166.951	131.046
212.3	.66427	-20.88	13.2	-1.06	480.1	302.233	355.577	952.64	.0056	23.265	-8.303	167.158	130.88
212.29	.66427	-20.72	13.35	-1.06	473.55	302.239	355.136	953.35	.0056	23.285	-8.084	167.15	130.873
212.29	.66427	-20.53	13.53	-1.06	466.98	302.236	354.902	954.06	.0056	23.31	-7.824	167.15	130.873
212.29	.66427	-20.33	13.73	-1.05	460.36	302.242	354.932	954.78	.0056	23.344	-7.543	167.15	130.873
212.28	.66445	-20.13	13.93	-1.05	453.69	302.247	355.06	955.5	.0056	23.379	-7.258	167.119	130.897
212.28	.66445	-19.94	14.11	-1.04	446.98	302.243	355.157	956.22	.0056	23.404	-6.997	167.119	130.897
212.27	.66445	-19.76	14.23	-1.04	440.24	302.238	355.226	956.95	.0056	23.387	-6.782	167.111	130.891
212.27	.66462	-19.61	14.31	-1.04	433.43	302.232	355.253	957.69	.0056	23.359	-6.61	167.089	130.92
212.27	.66462	-19.5	14.32	-1.03	426.56	302.226	355.326	958.43	.0056	23.299	-6.517	167.089	130.92
212.26	.66462	-19.45	14.27	-1.03	419.6	302.218	355.57	959.19	.0056	23.229	-6.509	167.081	130.913
212.26	.6648	-19.45	14.16	-1.02	412.56	302.211	356.003	959.95	.0056	23.143	-6.573	167.057	130.944
212.26	.6648	-19.51	14.02	-1.01	405.52	302.202	356.463	960.72	.0056	23.07	-6.706	167.057	130.944
212.25	.6648	-19.63	13.84	-1	398.57	302.195	356.829	961.47	.0056	23.002	-6.912	167.049	130.937
212.25	.66497	-19.78	13.65	-.99	391.7	302.189	357.087	962.22	.0056	22.947	-7.143	167.027	130.966
212.25	.66497	-19.93	13.45	-.97	384.88	302.183	357.247	962.96	.0056	22.882	-7.384	167.027	130.966
212.24	.66497	-20.07	13.23	-.95	378.07	302.167	357.292	963.7	.0056	22.795	-7.63	167.019	130.96
212.24	.66514	-20.18	13.01	-.93	371.25	302.161	357.336	964.44	.0056	22.691	-7.849	166.997	130.988
212.24	.66514	-20.26	12.81	-.91	364.41	302.145	357.311	965.19	.0056	22.583	-8.035	166.997	130.988
212.23	.66514	-20.29	12.63	-.89	357.58	302.129	357.281	965.93	.0056	22.46	-8.17	166.989	130.982
212.23	.66514	-20.29	12.48	-.87	350.76	302.123	357.295	966.68	.0056	22.342	-8.263	166.989	130.982
212.22	.66532	-20.24	12.37	-.85	343.91	302.107	357.243	967.42	.0056	22.226	-8.287	166.958	131.006
212.22	.66532	-20.15	12.31	-.84	336.97	302.11	357.218	968.18	.0056	22.123	-8.253	166.958	131.006
212.21	.66532	-20.03	12.31	-.83	329.94	302.102	357.067	968.95	.0056	22.049	-8.159	166.95	131
212.21	.66549	-19.88	12.37	-.83	322.79	302.103	356.919	969.73	.0056	22.005	-8	166.927	131.028
212.21	.66549	-19.7	12.49	-.83	315.56	302.113	356.819	970.52	.0056	21.988	-7.784	166.927	131.028
212.2	.66549	-19.51	12.66	-.84	308.35	302.114	356.736	971.31	.0056	22.005	-7.53	166.92	131.022
212.2	.66567	-19.3	12.86	-.85	301.23	302.115	356.772	972.09	.0056	22.034	-7.237	166.896	131.052
212.19	.66567	-19.09	13.1	-.85	294.17	302.117	356.908	972.86	.0056	22.093	-6.924	166.888	131.046
212.19	.66567	-18.9	13.36	-.86	287.18	302.119	356.981	973.63	.0056	22.18	-6.614	166.888	131.046
212.19	.66567	-18.71	13.61	-.86	280.3	302.123	356.872	974.38	.0056	22.259	-6.31	166.888	131.046
212.19	.66584	-18.55	13.84	-.87	273.55	302.128	356.636	975.12	.0056	22.342	-6.038	166.866	131.074
212.18	.66584	-18.42	14.04	-.86	266.9	302.144	356.465	975.85	.0056	22.419	-5.813	166.858	131.068
212.18	.66584	-18.31	14.18	-.86	260.28	302.15	356.326	976.58	.0056	22.462	-5.64	166.858	131.068
212.18	.66602	-18.23	14.26	-.8625	253.63	302.156	356.264	977.31	.0056	22.476	-5.523	166.834	131.098
212.17	.66602	-18.18	14.27	-.8631	246.91	302.151	356.219	978.05	.0056	22.453	-5.478	166.827	131.092
212.17	.66602	-18.14	14.22	-.8614	240.12	302.155	356.246	978.8	.0056	22.389	-5.477	166.827	131.092
212.17	.66619	-18.1	14.11	-.8618	233.35	302.15	356.221	979.54	.0056	22.279	-5.51	166.804	131.12
212.17	.66619	-18.06	13.98	-.8622	226.67	302.155	356.227	980.28	.0056	22.152	-5.559	166.804	131.12
212.16	.66619	-17.99	13.81	-.8621	220.07	302.152	356.205	981	.0056	21.975	-5.609	166.796	131.114
212.16	.66637	-17.9	13.64	-.8619	213.56	302.149	356.218	981.72	.0056	21.787	-5.639	166.773	131.144
212.16	.66637	-17.79	13.44	-.862	207.14	302.157	356.36	982.43	.0056	21.561	-5.676	166.773	131.144
212.15	.66637	-17.64	13.23	-.862	200.86	302.157	356.584	983.12	.0056	21.304	-5.688	166.765	131.138
212.15	.66637	-17.46	12.99	-.862	194.7	302.157	356.989	983.8	.0056	21.004	-5.695	166.765	131.138
212.15	.66654	-17.25	12.72	-.862	188.61	302.158	357.627	984.48	.0056	20.663	-5.694	166.743	131.166
212.14	.66654	-17.02	12.41	-.862	182.52	302.149	358.419	985.15	.0056	20.277	-5.704	166.735	131.16
212.14	.66654	-16.78	12.07	-.862	176.38	302.14	359.153	985.83	.0056	19.861	-5.726	166.735	131.16
212.14	.66672	-16.55	11.71	-.862	170.17	302.14	359.667	986.52	.0056	19.437	-5.764	166.711	131.19
212.14	.66672	-16.34	11.34	-.862	163.93	302.14	359.927	987.21	.0056	19.016	-5.828	166.711	131.19
212.13	.66672	-16.18	10.99	-.862	157.76	302.14	360.037	987.89	.0056	18.642	-5.919	166.703	131.184
212.13	.66672	-16.07	10.67	-.862	151.66	302.142	360.097	988.56	.0056	18.323	-6.03	166.703	131.184
212.13	.66689	-16.01	10.39	-.862	145.62	302.144	360.118	989.23	.0056	18.067	-6.153	166.681	131.212
212.12	.66689	-16.01	10.13	-.862	139.65	302.146	360.139	989.9	.0056	17.863	-6.314	166.673	131.206
212.12	.66689	-16.04	9.9	-.862	133.77	302.139	360.099	990.55	.0056	17.7	-6.48	166.673	131.206
212.12	.66689	-16.1	9.7	-.862	127.97	302.143	360.109	991.19	.0056	17.58	-6.651	166.673	131.206
212.11	.66689	-16.17	9.52	-.862	122.14	302.137	360.076	991.84	.0056	17.482	-6.817	166.665	131.2
212.11	.66706	-16.23	9.37	-.862	116.18	302.129	360.064	992.5	.0056	17.403	-6.954	166.643	131.228
212.11	.66706	-16.26	9.26	-.862	110.14	302.131	360.152	993.17	.0056	17.335	-7.046	166.643	131.228
212.1	.66706	-16.27	9.23	-.862	104.14	302.133	360.264	993.84	.0056	17.317	-7.072	166.635	131.222
212.1	.66706	-16.23	9.29	-.862	98.21	302.136	360.369	994.5	.0056	17.34	-7.003	166.635	131.222
212.1	.66724	-16.17	9.44	-.862	92.38	302.14	360.455	995.14	.0056	17.422	-6.86	166.611	131.252
212.09	.66724	-16.09	9.67	-.862	86.63	302.144	360.484	995.79	.0056	17.553	-6.655	166.604	131.246
212.09	.66724	-15.89	10.36	-.862	75.03	302.142	360.337	997.08	.0056	17.971	-6.071	166.604	131.246
212.08	.66741	-15.8	10.76	-.862	69.11	302.135	360.172	997.74	.0056	18.231	-5.75	166.573	131.268
212.08	.66741	-15.71	11.16	-.862	63.11	302.137	360.053	998.41	.0056	18.489	-5.432	166.573	131.268
212.08	.66741	-15.61	11.52	-.862	57.07	302.139	359.964	999.08	.0056	18.71	-5.13	166.573	131.268
212.08	.66741	-15.5	11.87	-.862	51	302.131	359.905	999.76	.0056	18.917	-4.827	166.573	131.268
212.07	.66759	-15.42	12.12	-.862	44.91	302.122	359.988	1000.44	.0056	19.064	-4.606	166.542	131.292
212.07	.66759	-15.31	12.22	-.862	38.78	302.113	360.256	1001.12	.0056	19.075	-4.458	166.542	131.292
212.07	.66759	-15.11	12.12	-.862	32.59	302.104	360.627	1001.81	.0056	18.873	-4.363	166.542	131.292
212.07	.66759	-14.73	11.8	-.862	26.3	302.093	360.997	1002.52	.0056	18.386	-4.262	166.542	131.292
212.06	.66776	-14.18	11.37	-.862	19.9	302.091	361.368	1003.23	.0056	17.709	-4.094	166.512	131.314
212.06	.66776	-13.49	10.92	-.862	13.43	302.089	361.713	1003.96	.0056	16.928	-3.831	166.512	131.314
212.06	.66776	-14.05	11.2	-.862	6.72	302.059	361.842	1004.71	.0056	17.495	-4.097	166.512	131.314
